3 0.20234375 0.2296875 0.08046875 0.16953125
3 0.48828125 0.24140625 0.059375 0.1640625
3 0.7296875 0.2421875 0.06171875 0.15078125
3 0.203125 0.48515625 0.0671875 0.1609375
3 0.44609375 0.45703125 0.0671875 0.13671875
3 0.71875 0.4359375 0.05703125 0.09375
3 0.19921875 0.68984375 0.08203125 0.13671875
3 0.41953125 0.68515625 0.07109375 0.1234375
3 0.69453125 0.65625 0.07109375 0.1265625
3 0.22265625 0.87890625 0.0671875 0.15546875
3 0.44296875 0.865625 0.0765625 0.15078125
3 0.73359375 0.83671875 0.0609375 0.159375
5 0.2 0.1640625 0.05859375 0.03671875
5 0.4859375 0.17578125 0.03984375 0.028125
5 0.715625 0.18125 0.0515625 0.02578125
5 0.19453125 0.41796875 0.05 0.03125
5 0.45 0.40390625 0.07734375 0.0375
5 0.715625 0.403125 0.0546875 0.03671875
5 0.1875 0.640625 0.0546875 0.03671875
5 0.4140625 0.63984375 0.0515625 0.02890625
5 0.69140625 0.6125 0.05 0.034375
5 0.21328125 0.81953125 0.04609375 0.03984375
5 0.43671875 0.8015625 0.06484375 0.02890625
5 0.72421875 0.77265625 0.03984375 0.028125