2 0.15546875 0.1546875 0.1546875 0.04453125
2 0.44453125 0.1515625 0.259375 0.05625
2 0.74921875 0.15 0.23125 0.04453125
2 0.16171875 0.290625 0.1453125 0.034375
2 0.4515625 0.29609375 0.22265625 0.0546875
2 0.72265625 0.29765625 0.2171875 0.04609375
2 0.178125 0.4390625 0.20078125 0.040625
2 0.44375 0.446875 0.240625 0.04375
2 0.7984375 0.446875 0.23359375 0.05078125
2 0.16796875 0.55 0.19375 0.03828125
2 0.40703125 0.55390625 0.19765625 0.04609375
2 0.7078125 0.55546875 0.23984375 0.040625
5 0.1984375 0.15703125 0.0359375 0.03359375
5 0.53671875 0.14765625 0.03359375 0.03671875
5 0.8359375 0.15546875 0.0390625 0.03984375
5 0.20859375 0.290625 0.04375 0.021875
5 0.51015625 0.28828125 0.03359375 0.0265625
5 0.7921875 0.29296875 0.040625 0.02578125
5 0.23671875 0.43984375 0.02890625 0.02578125
5 0.53515625 0.4484375 0.0390625 0.02890625
5 0.86328125 0.446875 0.0546875 0.03515625
5 0.23125 0.55390625 0.04453125 0.02734375
5 0.48046875 0.55390625 0.040625 0.028125
5 0.81015625 0.55625 0.0484375 0.034375