8 0.22578125 0.09296875 0.27109375 0.10234375
8 0.57890625 0.1 0.25 0.1109375
8 0.83828125 0.103125 0.221875 0.1109375
8 0.18046875 0.28671875 0.26953125 0.09296875
8 0.5625 0.30234375 0.278125 0.1125
8 0.8328125 0.29375 0.22890625 0.09765625
8 0.146875 0.55546875 0.27578125 0.128125
8 0.4859375 0.55234375 0.2390625 0.14140625
8 0.82265625 0.5453125 0.296875 0.14609375
8 0.15859375 0.821875 0.31171875 0.16328125
8 0.49609375 0.81640625 0.30390625 0.14921875
8 0.84921875 0.803125 0.29921875 0.1359375