2 0.2375 0.12890625 0.22578125 0.04140625
2 0.553125 0.128125 0.21953125 0.04375
2 0.803125 0.128125 0.1875 0.04140625
2 0.2203125 0.278125 0.22890625 0.05625
2 0.5546875 0.2796875 0.203125 0.05
2 0.81484375 0.28203125 0.20078125 0.05390625
2 0.2234375 0.415625 0.22421875 0.03671875
2 0.55 0.421875 0.19921875 0.05078125
2 0.80625 0.41875 0.203125 0.04140625
2 0.22578125 0.5671875 0.228125 0.04453125
2 0.54921875 0.56484375 0.20390625 0.0421875
2 0.82734375 0.56484375 0.18671875 0.05078125
5 0.321875 0.12578125 0.03046875 0.025
5 0.63984375 0.12421875 0.03046875 0.02734375
5 0.8796875 0.128125 0.0234375 0.02421875
5 0.31328125 0.271875 0.0265625 0.021875
5 0.6359375 0.27421875 0.01796875 0.03046875
5 0.88203125 0.271875 0.025 0.03203125
5 0.30234375 0.4140625 0.0359375 0.02734375
5 0.62265625 0.4171875 0.028125 0.02890625
5 0.8890625 0.421875 0.028125 0.02578125
5 0.30625 0.56484375 0.034375 0.021875
5 0.63359375 0.56328125 0.0296875 0.03203125
5 0.8921875 0.56640625 0.0265625 0.03515625