2 0.165625 0.1578125 0.278125 0.03515625
2 0.48828125 0.15390625 0.3078125 0.02890625
2 0.809375 0.15078125 0.29765625 0.03359375
2 0.17265625 0.36015625 0.28984375 0.03125
2 0.471875 0.359375 0.2984375 0.02578125
2 0.8015625 0.3609375 0.346875 0.03046875
2 0.165625 0.53125 0.2734375 0.03671875
2 0.465625 0.53671875 0.30390625 0.04296875
2 0.8015625 0.5390625 0.34921875 0.046875
2 0.1640625 0.7375 0.28515625 0.04609375
2 0.46796875 0.740625 0.29921875 0.03984375
2 0.79921875 0.74609375 0.33828125 0.04921875
5 0.28359375 0.15625 0.034375 0.021875
5 0.61640625 0.15625 0.034375 0.03359375
5 0.93515625 0.14921875 0.0484375 0.03046875
5 0.30078125 0.3578125 0.01953125 0.02265625
5 0.58671875 0.3578125 0.04453125 0.01875
5 0.93984375 0.3546875 0.0265625 0.02109375
5 0.278125 0.53125 0.0265625 0.021875
5 0.58359375 0.534375 0.0359375 0.02734375
5 0.94296875 0.53828125 0.05 0.03125
5 0.27109375 0.73828125 0.03203125 0.0265625
5 0.57265625 0.73828125 0.03671875 0.03125
5 0.9421875 0.74765625 0.03203125 0.02890625