8 0.23359375 0.153125 0.2734375 0.15703125
8 0.53515625 0.15703125 0.26484375 0.15078125
8 0.8125 0.16015625 0.25625 0.14453125
8 0.18515625 0.36875 0.284375 0.175
8 0.50078125 0.3734375 0.303125 0.1765625
8 0.815625 0.37578125 0.30546875 0.15546875
8 0.184375 0.5875 0.3078125 0.16015625
8 0.5234375 0.60390625 0.3015625 0.1859375
8 0.8296875 0.59921875 0.3078125 0.1828125
8 0.14609375 0.821875 0.2734375 0.1796875
8 0.45703125 0.828125 0.31015625 0.1734375
8 0.76171875 0.8328125 0.2859375 0.1703125