2 0.178125 0.10234375 0.17265625 0.040625
2 0.48125 0.09765625 0.21875 0.03359375
2 0.7828125 0.096875 0.1921875 0.03359375
2 0.1859375 0.309375 0.20703125 0.03046875
2 0.496875 0.3078125 0.19921875 0.04609375
2 0.7984375 0.30390625 0.18671875 0.03984375
2 0.19140625 0.49765625 0.221875 0.04921875
2 0.52109375 0.509375 0.1921875 0.046875
2 0.79609375 0.51015625 0.21328125 0.05390625
2 0.17734375 0.715625 0.21171875 0.040625
2 0.50234375 0.71953125 0.21875 0.04453125
2 0.809375 0.72890625 0.21171875 0.03984375
5 0.2421875 0.09921875 0.0296875 0.028125
5 0.55625 0.09609375 0.04140625 0.021875
5 0.85078125 0.0953125 0.0375 0.02109375
5 0.259375 0.309375 0.0359375 0.01796875
5 0.5578125 0.30078125 0.03203125 0.025
5 0.8703125 0.30078125 0.03359375 0.02109375
5 0.25 0.49765625 0.0265625 0.021875
5 0.5953125 0.50390625 0.028125 0.02421875
5 0.87421875 0.51328125 0.0375 0.028125
5 0.24296875 0.71640625 0.0484375 0.028125
5 0.5796875 0.72265625 0.03359375 0.02109375
5 0.8953125 0.72890625 0.034375 0.02578125