2 0.1671875 0.171875 0.22578125 0.04765625
2 0.45078125 0.17265625 0.21875 0.04609375
2 0.73515625 0.1671875 0.2453125 0.05
2 0.18515625 0.32265625 0.23828125 0.04921875
2 0.48046875 0.3265625 0.24375 0.0625
2 0.80546875 0.3265625 0.23671875 0.05859375
2 0.19453125 0.47421875 0.246875 0.046875
2 0.4875 0.484375 0.2390625 0.05
2 0.80859375 0.490625 0.29140625 0.05234375
2 0.178125 0.64375 0.246875 0.07109375
2 0.49921875 0.6484375 0.2703125 0.05703125
2 0.82265625 0.65390625 0.26015625 0.06328125
5 0.253125 0.171875 0.040625 0.04296875
5 0.528125 0.171875 0.05546875 0.046875
5 0.82890625 0.16953125 0.04453125 0.0390625
5 0.25078125 0.32109375 0.05 0.04609375
5 0.56484375 0.32578125 0.05 0.03984375
5 0.8859375 0.325 0.04453125 0.04453125
5 0.2703125 0.47265625 0.046875 0.040625
5 0.57734375 0.48203125 0.04296875 0.03984375
5 0.92734375 0.4890625 0.04375 0.04375
5 0.2765625 0.6375 0.06015625 0.05546875
5 0.59375 0.64609375 0.05 0.04609375
5 0.9265625 0.659375 0.0390625 0.04765625