2 0.184375 0.23671875 0.23125 0.04296875
2 0.49375 0.234375 0.2265625 0.03515625
2 0.765625 0.23046875 0.23828125 0.04296875
2 0.1796875 0.44609375 0.23671875 0.046875
2 0.4890625 0.446875 0.28671875 0.05
2 0.76328125 0.44375 0.23671875 0.03515625
2 0.18203125 0.65625 0.21015625 0.04609375
2 0.4765625 0.65703125 0.2421875 0.04296875
2 0.7515625 0.659375 0.2296875 0.040625
2 0.178125 0.87578125 0.21953125 0.04375
2 0.46796875 0.8734375 0.2421875 0.04140625
2 0.7515625 0.86875 0.2546875 0.03671875
5 0.28125 0.23359375 0.0265625 0.01875
5 0.57265625 0.22890625 0.02265625 0.02265625
5 0.85390625 0.22578125 0.03046875 0.02890625
5 0.27265625 0.44453125 0.03203125 0.02890625
5 0.5796875 0.44453125 0.025 0.03203125
5 0.84765625 0.44140625 0.03515625 0.025
5 0.26875 0.659375 0.03046875 0.02734375
5 0.58203125 0.65703125 0.0234375 0.03046875
5 0.84921875 0.66171875 0.02109375 0.03046875
5 0.26015625 0.87578125 0.0375 0.0234375
5 0.56484375 0.87421875 0.0265625 0.02578125
5 0.84609375 0.87734375 0.0390625 0.03671875