7 0.2046875 0.1484375 0.26015625 0.16328125
7 0.5640625 0.16875 0.26015625 0.16796875
7 0.8609375 0.16015625 0.2171875 0.13671875
7 0.20703125 0.35 0.2734375 0.1578125
7 0.5640625 0.35625 0.234375 0.1546875
7 0.87109375 0.35390625 0.21953125 0.146875
7 0.16953125 0.5625 0.21953125 0.1578125
7 0.54453125 0.55625 0.2734375 0.16171875
7 0.84921875 0.54140625 0.240625 0.1484375
7 0.16953125 0.7984375 0.24921875 0.16796875
7 0.540625 0.78515625 0.22578125 0.1578125
7 0.86875 0.78125 0.21484375 0.153125