7 0.17578125 0.17890625 0.31875 0.16171875
7 0.48984375 0.1796875 0.2671875 0.12109375
7 0.8 0.18671875 0.30546875 0.11640625
7 0.17265625 0.3734375 0.29921875 0.153125
7 0.52109375 0.37421875 0.3078125 0.17578125
7 0.83203125 0.37421875 0.2796875 0.1546875
7 0.190625 0.58828125 0.32265625 0.1546875
7 0.5484375 0.5703125 0.3140625 0.12734375
7 0.86015625 0.56640625 0.2625 0.12734375
7 0.190625 0.7796875 0.33125 0.15625
7 0.5671875 0.7390625 0.33125 0.146875
7 0.86328125 0.7328125 0.221875 0.13046875