2 0.19765625 0.190625 0.2265625 0.05625
2 0.4859375 0.1875 0.26875 0.04921875
2 0.7625 0.1875 0.215625 0.05
2 0.1921875 0.371875 0.2171875 0.05
2 0.48984375 0.365625 0.26328125 0.04921875
2 0.7890625 0.36796875 0.17421875 0.046875
2 0.19921875 0.5625 0.2640625 0.04375
2 0.50703125 0.5625 0.24765625 0.05546875
2 0.75078125 0.5546875 0.17578125 0.04609375
2 0.18515625 0.7328125 0.2453125 0.05078125
2 0.5046875 0.73203125 0.21171875 0.04609375
2 0.76015625 0.7421875 0.18984375 0.04609375
5 0.27109375 0.1859375 0.0265625 0.02734375
5 0.58515625 0.184375 0.04140625 0.03984375
5 0.8390625 0.184375 0.04609375 0.03984375
5 0.27109375 0.37265625 0.04296875 0.034375
5 0.571875 0.365625 0.02890625 0.03984375
5 0.8390625 0.36796875 0.04453125 0.034375
5 0.2875 0.56015625 0.053125 0.0375
5 0.58125 0.553125 0.05 0.040625
5 0.8078125 0.55234375 0.04140625 0.03046875
5 0.27578125 0.73515625 0.0625 0.040625
5 0.58359375 0.734375 0.0515625 0.0375
5 0.8140625 0.7375 0.05703125 0.04921875