2 0.19375 0.190625 0.22578125 0.03671875
2 0.509375 0.1875 0.26015625 0.040625
2 0.790625 0.1796875 0.2578125 0.05
2 0.19765625 0.359375 0.2453125 0.053125
2 0.48515625 0.3625 0.28125 0.04296875
2 0.79140625 0.3578125 0.259375 0.046875
2 0.19765625 0.5453125 0.26171875 0.04609375
2 0.49453125 0.53671875 0.26484375 0.0515625
2 0.78671875 0.534375 0.26640625 0.04609375
2 0.2 0.73984375 0.2578125 0.0421875
2 0.49375 0.74375 0.29140625 0.04375
2 0.79453125 0.7421875 0.27109375 0.053125
5 0.2734375 0.18671875 0.05546875 0.03046875
5 0.615625 0.18125 0.053125 0.034375
5 0.88125 0.17890625 0.06015625 0.04375
5 0.290625 0.36015625 0.0484375 0.03515625
5 0.5828125 0.36015625 0.05 0.03671875
5 0.88671875 0.35703125 0.05703125 0.040625
5 0.29140625 0.5375 0.06171875 0.04140625
5 0.59921875 0.5359375 0.053125 0.03515625
5 0.884375 0.53203125 0.04765625 0.0390625
5 0.290625 0.7375 0.0484375 0.03359375
5 0.58828125 0.73984375 0.05859375 0.03359375
5 0.88984375 0.74296875 0.06484375 0.05703125