2 0.20546875 0.121875 0.271875 0.05625
2 0.52265625 0.11015625 0.203125 0.05234375
2 0.79609375 0.10390625 0.20703125 0.06015625
2 0.209375 0.36171875 0.2265625 0.053125
2 0.540625 0.3578125 0.25078125 0.059375
2 0.8578125 0.3453125 0.2078125 0.06875
2 0.18515625 0.57421875 0.246875 0.0640625
2 0.54609375 0.565625 0.25078125 0.06484375
2 0.8640625 0.56875 0.2421875 0.06875
2 0.1953125 0.78125 0.1921875 0.05625
2 0.55 0.7984375 0.2734375 0.06953125
2 0.88203125 0.809375 0.215625 0.07109375
5 0.28828125 0.1203125 0.0640625 0.04140625
5 0.59140625 0.109375 0.05390625 0.0375
5 0.85546875 0.10625 0.08671875 0.04453125
5 0.26484375 0.3578125 0.07265625 0.04765625
5 0.59921875 0.353125 0.08125 0.04921875
5 0.90234375 0.34921875 0.0875 0.06484375
5 0.2625 0.56796875 0.08671875 0.04921875
5 0.6265625 0.56796875 0.0625 0.05
5 0.94140625 0.5671875 0.065625 0.05234375
5 0.25 0.77734375 0.05546875 0.040625
5 0.6265625 0.796875 0.08515625 0.06171875
5 0.9390625 0.80703125 0.08671875 0.06875