7 0.20546875 0.13671875 0.3015625 0.12578125
7 0.55859375 0.1546875 0.2625 0.11953125
7 0.86875 0.15546875 0.2109375 0.0984375
7 0.1796875 0.32734375 0.29296875 0.1359375
7 0.5328125 0.31484375 0.30546875 0.12421875
7 0.8578125 0.315625 0.2328125 0.11328125
7 0.1671875 0.49921875 0.2625 0.13046875
7 0.51015625 0.49296875 0.28203125 0.12265625
7 0.840625 0.49453125 0.23671875 0.103125
7 0.1671875 0.6734375 0.2453125 0.13359375
7 0.4875 0.6640625 0.27109375 0.12578125
7 0.8375 0.65234375 0.221875 0.1046875