3 0.1171875 0.1 0.06484375 0.10625
3 0.4765625 0.109375 0.0765625 0.1046875
3 0.78515625 0.11484375 0.05546875 0.10625
3 0.14140625 0.3140625 0.04765625 0.07734375
3 0.50625 0.34140625 0.0703125 0.10078125
3 0.80703125 0.346875 0.053125 0.1015625
3 0.13515625 0.5640625 0.07109375 0.128125
3 0.51328125 0.57421875 0.05390625 0.11171875
3 0.8109375 0.5796875 0.0421875 0.1015625
3 0.190625 0.859375 0.06328125 0.121875
3 0.53515625 0.8625 0.059375 0.11640625
3 0.86953125 0.8640625 0.0671875 0.11640625
5 0.11015625 0.0578125 0.03125 0.025
5 0.46953125 0.07421875 0.05 0.0234375
5 0.78125 0.08125 0.03984375 0.03671875
5 0.13125 0.2890625 0.0390625 0.02578125
5 0.4890625 0.3046875 0.0375 0.0265625
5 0.7984375 0.31484375 0.034375 0.02578125
5 0.125 0.52421875 0.04609375 0.03125
5 0.50390625 0.5328125 0.04765625 0.03125
5 0.80546875 0.5609375 0.0375 0.03046875
5 0.1734375 0.81328125 0.0375 0.02890625
5 0.52578125 0.828125 0.04296875 0.028125
5 0.86953125 0.8328125 0.0703125 0.0390625