3 0.2453125 0.23671875 0.06015625 0.15859375
3 0.25625 0.384375 0.046875 0.13359375
3 0.26796875 0.50234375 0.03671875 0.0984375
3 0.27265625 0.6171875 0.0359375 0.1265625
3 0.46875 0.2453125 0.04296875 0.153125
3 0.47890625 0.3875 0.040625 0.12890625
3 0.490625 0.5078125 0.03125 0.10859375
3 0.5015625 0.63828125 0.0390625 0.146875
3 0.74453125 0.25859375 0.0390625 0.16953125
3 0.75234375 0.4046875 0.04921875 0.12265625
3 0.7515625 0.51796875 0.02734375 0.10703125
3 0.75703125 0.62578125 0.034375 0.10859375
5 0.234375 0.1765625 0.03515625 0.04296875
5 0.4671875 0.18671875 0.0390625 0.04296875
5 0.7453125 0.1921875 0.04296875 0.034375
5 0.259375 0.334375 0.04296875 0.03671875
5 0.478125 0.3375 0.04140625 0.0328125
5 0.75546875 0.36171875 0.06015625 0.04375
5 0.265625 0.4640625 0.03203125 0.0234375
5 0.49140625 0.46171875 0.04765625 0.02109375
5 0.75078125 0.47890625 0.03125 0.02265625
5 0.27265625 0.56796875 0.0359375 0.0328125
5 0.49765625 0.578125 0.04296875 0.0359375
5 0.75390625 0.5859375 0.0421875 0.028125