2 0.17734375 0.09921875 0.21171875 0.034375
2 0.48046875 0.096875 0.2453125 0.034375
2 0.76875 0.09296875 0.23359375 0.034375
2 0.17265625 0.275 0.22421875 0.034375
2 0.45703125 0.2765625 0.22265625 0.040625
2 0.74921875 0.278125 0.240625 0.04140625
2 0.16171875 0.490625 0.21484375 0.03671875
2 0.46171875 0.49296875 0.24375 0.0390625
2 0.7546875 0.49296875 0.253125 0.0359375
2 0.1609375 0.73515625 0.19921875 0.03671875
2 0.4640625 0.73828125 0.2421875 0.03984375
2 0.740625 0.740625 0.271875 0.04140625
5 0.25703125 0.09765625 0.03359375 0.02265625
5 0.5640625 0.09140625 0.05546875 0.0296875
5 0.84609375 0.090625 0.0375 0.025
5 0.24296875 0.2734375 0.05546875 0.02734375
5 0.540625 0.27421875 0.0359375 0.02734375
5 0.84140625 0.27421875 0.0640625 0.03515625
5 0.2375 0.48828125 0.04140625 0.03046875
5 0.54765625 0.49296875 0.053125 0.028125
5 0.85546875 0.49296875 0.053125 0.03828125
5 0.2359375 0.73359375 0.04453125 0.02890625
5 0.5453125 0.73984375 0.0484375 0.034375
5 0.84765625 0.7375 0.0515625 0.03359375