2 0.2046875 0.1625 0.21015625 0.053125
2 0.51640625 0.15859375 0.240625 0.03671875
2 0.828125 0.1484375 0.18515625 0.04140625
2 0.178125 0.36875 0.18125 0.040625
2 0.48125 0.365625 0.22421875 0.04375
2 0.7671875 0.3671875 0.24765625 0.05546875
2 0.2 0.60234375 0.2328125 0.05078125
2 0.546875 0.609375 0.25234375 0.06015625
2 0.84765625 0.596875 0.16015625 0.04921875
2 0.196875 0.84453125 0.2453125 0.05703125
2 0.52265625 0.8359375 0.22578125 0.04375
2 0.85 0.83984375 0.20625 0.053125
5 0.275 0.15390625 0.028125 0.040625
5 0.59296875 0.16015625 0.06796875 0.03671875
5 0.89921875 0.14609375 0.040625 0.03828125
5 0.23125 0.365625 0.0484375 0.0375
5 0.5453125 0.36171875 0.028125 0.03515625
5 0.8453125 0.3609375 0.053125 0.04609375
5 0.2625 0.59921875 0.06015625 0.03828125
5 0.61875 0.609375 0.0390625 0.04296875
5 0.9 0.59765625 0.0390625 0.0421875
5 0.271875 0.84453125 0.0609375 0.05234375
5 0.59921875 0.83828125 0.0609375 0.05
5 0.934375 0.83984375 0.04296875 0.05390625