2 0.1625 0.1640625 0.17265625 0.03125
2 0.48046875 0.1671875 0.1703125 0.02734375
2 0.83828125 0.16484375 0.1671875 0.02421875
2 0.15390625 0.3046875 0.159375 0.025
2 0.490625 0.30703125 0.1625 0.028125
2 0.828125 0.3109375 0.17734375 0.03046875
2 0.16171875 0.45 0.13828125 0.03046875
2 0.49140625 0.45546875 0.1625 0.040625
2 0.77734375 0.44921875 0.190625 0.03671875
2 0.15078125 0.603125 0.140625 0.03359375
2 0.4765625 0.59375 0.18046875 0.034375
2 0.80703125 0.5953125 0.1828125 0.034375
5 0.2265625 0.159375 0.03828125 0.028125
5 0.54609375 0.16328125 0.0375 0.021875
5 0.8984375 0.1640625 0.0421875 0.02734375
5 0.2171875 0.30390625 0.03515625 0.025
5 0.5546875 0.30390625 0.03671875 0.03046875
5 0.8984375 0.309375 0.0453125 0.028125
5 0.20546875 0.44609375 0.040625 0.03359375
5 0.55234375 0.4546875 0.040625 0.040625
5 0.84609375 0.446875 0.046875 0.0359375
5 0.19609375 0.60390625 0.05625 0.034375
5 0.54609375 0.59453125 0.040625 0.03359375
5 0.88359375 0.596875 0.0453125 0.0375