7 0.1453125 0.23515625 0.23671875 0.11328125
7 0.44609375 0.23828125 0.2515625 0.109375
7 0.7546875 0.24296875 0.27109375 0.11953125
7 0.17578125 0.41171875 0.2796875 0.11484375
7 0.4859375 0.41484375 0.284375 0.1078125
7 0.78515625 0.4171875 0.2671875 0.12578125
7 0.196875 0.58359375 0.29296875 0.12890625
7 0.5 0.58125 0.2734375 0.12109375
7 0.80703125 0.5828125 0.24765625 0.1078125
7 0.20703125 0.7734375 0.29921875 0.12734375
7 0.5328125 0.7625 0.275 0.12265625
7 0.83515625 0.74375 0.24296875 0.109375