2 0.190625 0.125 0.234375 0.03515625
2 0.72890625 0.11640625 0.2625 0.03515625
2 0.16875 0.2140625 0.1203125 0.025
2 0.71171875 0.21015625 0.15625 0.02890625
2 0.21015625 0.32734375 0.25546875 0.0328125
2 0.73125 0.3296875 0.23828125 0.034375
2 0.1640625 0.4734375 0.14765625 0.0296875
2 0.68046875 0.44375 0.11171875 0.02734375
2 0.21015625 0.6265625 0.2328125 0.03515625
2 0.6375 0.62265625 0.246875 0.03828125
2 0.15625 0.7609375 0.07578125 0.0296875
2 0.6546875 0.753125 0.1078125 0.03203125
5 0.2890625 0.12109375 0.05 0.0296875
5 0.84296875 0.115625 0.04609375 0.04296875
5 0.2140625 0.2125 0.034375 0.0296875
5 0.76875 0.21015625 0.04296875 0.02578125
5 0.31484375 0.3265625 0.04375 0.0296875
5 0.82109375 0.33125 0.05546875 0.04375
5 0.21640625 0.475 0.04140625 0.02890625
5 0.7171875 0.44296875 0.053125 0.03203125
5 0.30625 0.6265625 0.0421875 0.03515625
5 0.7390625 0.621875 0.0390625 0.0390625
5 0.18515625 0.7625 0.03046875 0.02890625
5 0.68671875 0.75546875 0.0421875 0.03671875