2 0.14453125 0.28515625 0.1 0.0375
2 0.3859375 0.2890625 0.109375 0.034375
2 0.58828125 0.2953125 0.121875 0.03515625
2 0.82109375 0.3 0.1578125 0.04296875
2 0.14375 0.3890625 0.09375 0.03671875
2 0.384375 0.3921875 0.1 0.03515625
2 0.58671875 0.39765625 0.1125 0.03984375
2 0.82265625 0.40390625 0.115625 0.0328125
2 0.14140625 0.49453125 0.08828125 0.028125
2 0.371875 0.49375 0.1140625 0.03046875
2 0.5859375 0.5015625 0.11171875 0.03671875
2 0.8203125 0.49921875 0.13828125 0.03203125
5 0.1734375 0.28671875 0.040625 0.03828125
5 0.421875 0.28671875 0.0359375 0.0359375
5 0.63203125 0.29453125 0.046875 0.03046875
5 0.88125 0.29765625 0.034375 0.03984375
5 0.16953125 0.38828125 0.03515625 0.0296875
5 0.4078125 0.39140625 0.04921875 0.034375
5 0.61640625 0.39765625 0.0453125 0.0421875
5 0.8625 0.40546875 0.04453125 0.0328125
5 0.16875 0.4953125 0.034375 0.03515625
5 0.4109375 0.4953125 0.03828125 0.0375
5 0.6203125 0.5015625 0.04375 0.0375
5 0.8734375 0.5015625 0.03671875 0.0390625