7 0.15859375 0.12890625 0.275 0.13671875
7 0.50703125 0.1234375 0.29296875 0.1390625
7 0.83984375 0.12109375 0.26484375 0.134375
7 0.17109375 0.33984375 0.29296875 0.13203125
7 0.515625 0.32734375 0.30546875 0.1328125
7 0.84296875 0.3328125 0.275 0.140625
7 0.1734375 0.54296875 0.28828125 0.1359375
7 0.5015625 0.5328125 0.2734375 0.11171875
7 0.82890625 0.53359375 0.2859375 0.12265625
7 0.17421875 0.7375 0.27734375 0.11484375
7 0.50078125 0.73046875 0.28828125 0.10625
7 0.8265625 0.7234375 0.26484375 0.11796875