2 0.18828125 0.1453125 0.209375 0.0296875
2 0.721875 0.15 0.21796875 0.0296875
2 0.1609375 0.25703125 0.15859375 0.03203125
2 0.68828125 0.25625 0.1625 0.0296875
2 0.1796875 0.35078125 0.2 0.0328125
2 0.69453125 0.3578125 0.178125 0.0328125
2 0.14453125 0.45 0.13359375 0.0265625
2 0.66796875 0.46015625 0.125 0.028125
2 0.17578125 0.57578125 0.1765625 0.0390625
2 0.675 0.58125 0.1859375 0.0390625
2 0.17578125 0.74296875 0.19296875 0.0421875
2 0.6703125 0.7421875 0.18203125 0.0359375
5 0.2796875 0.146875 0.0328125 0.0265625
5 0.8171875 0.1453125 0.04765625 0.03046875
5 0.2265625 0.253125 0.02578125 0.03046875
5 0.2609375 0.353125 0.040625 0.0359375
5 0.19765625 0.45 0.034375 0.02734375
5 0.24296875 0.578125 0.0515625 0.04765625
5 0.2390625 0.7421875 0.06171875 0.05078125
5 0.7515625 0.25390625 0.046875 0.03515625
5 0.76171875 0.35625 0.03984375 0.02421875
5 0.7109375 0.4625 0.04765625 0.03125
5 0.7484375 0.58359375 0.04375 0.0359375
5 0.74296875 0.74296875 0.03828125 0.028125