7 0.21875 0.17109375 0.25390625 0.11796875
7 0.50390625 0.1671875 0.234375 0.103125
7 0.803125 0.17109375 0.2046875 0.1109375
7 0.21796875 0.3484375 0.25625 0.11484375
7 0.51875 0.34765625 0.28203125 0.103125
7 0.82578125 0.35078125 0.24921875 0.11796875
7 0.2296875 0.53671875 0.2796875 0.10625
7 0.52421875 0.53203125 0.24921875 0.103125
7 0.80703125 0.52734375 0.2515625 0.10625
7 0.21875 0.7328125 0.2625 0.1078125
7 0.5328125 0.728125 0.2671875 0.11484375
7 0.8296875 0.71640625 0.228125 0.103125