7 0.16640625 0.17265625 0.24765625 0.146875
7 0.4953125 0.17890625 0.24296875 0.1546875
7 0.83984375 0.17265625 0.24375 0.16640625
7 0.15859375 0.3703125 0.21953125 0.1546875
7 0.4828125 0.36640625 0.24765625 0.15625
7 0.83125 0.35390625 0.290625 0.17265625
7 0.1640625 0.5671875 0.26015625 0.1390625
7 0.51015625 0.55703125 0.27734375 0.15625
7 0.80625 0.5421875 0.2328125 0.16953125
7 0.19296875 0.7390625 0.27109375 0.16640625
7 0.4921875 0.73125 0.25859375 0.1828125
7 0.79375 0.71640625 0.2453125 0.17421875