2 0.1234375 0.2203125 0.115625 0.06484375
2 0.4296875 0.22578125 0.1421875 0.06484375
2 0.76875 0.225 0.1375 0.0625
2 0.1265625 0.44453125 0.1328125 0.059375
2 0.4140625 0.43203125 0.13046875 0.0515625
2 0.76796875 0.4265625 0.1578125 0.05625
2 0.121875 0.59375 0.08359375 0.05625
2 0.40859375 0.578125 0.084375 0.05390625
2 0.7390625 0.565625 0.0859375 0.0515625
2 0.1171875 0.77421875 0.0953125 0.059375
2 0.40078125 0.76484375 0.0796875 0.06171875
2 0.7203125 0.74296875 0.08984375 0.0703125
5 0.165625 0.215625 0.0328125 0.0515625
5 0.4875 0.21875 0.03359375 0.05
5 0.825 0.221875 0.0328125 0.05
5 0.171875 0.44375 0.03203125 0.04609375
5 0.465625 0.43046875 0.04140625 0.04609375
5 0.83046875 0.4203125 0.0359375 0.0484375
5 0.1453125 0.5953125 0.0390625 0.0484375
5 0.4359375 0.5796875 0.028125 0.04140625
5 0.7671875 0.5609375 0.0265625 0.04140625
5 0.1453125 0.77109375 0.03046875 0.05703125
5 0.42421875 0.76953125 0.0265625 0.04921875
5 0.75 0.74296875 0.0265625 0.040625