2 0.14921875 0.21015625 0.190625 0.0546875
2 0.46953125 0.215625 0.175 0.0546875
2 0.8140625 0.21171875 0.1765625 0.06171875
2 0.14609375 0.37421875 0.11875 0.05234375
2 0.4734375 0.375 0.1390625 0.0546875
2 0.81796875 0.36875 0.140625 0.06015625
2 0.16015625 0.60234375 0.146875 0.06171875
2 0.49453125 0.584375 0.16875 0.06015625
2 0.82265625 0.57109375 0.159375 0.06015625
2 0.13203125 0.79921875 0.0875 0.046875
2 0.48125 0.78671875 0.0953125 0.0453125
2 0.809375 0.78203125 0.1203125 0.05078125
5 0.22890625 0.209375 0.034375 0.04765625
5 0.5421875 0.21640625 0.03359375 0.0359375
5 0.8828125 0.2109375 0.0359375 0.0453125
5 0.1875 0.3703125 0.02421875 0.0265625
5 0.51953125 0.37109375 0.04375 0.0390625
5 0.865625 0.36875 0.03828125 0.0421875
5 0.2203125 0.6 0.02890625 0.0578125
5 0.55546875 0.584375 0.0421875 0.0484375
5 0.88515625 0.5765625 0.028125 0.04765625
5 0.16015625 0.8 0.025 0.034375
5 0.5109375 0.78515625 0.02578125 0.03203125
5 0.8515625 0.784375 0.0328125 0.03359375