3 0.21875 0.12421875 0.02890625 0.08515625
3 0.47890625 0.12578125 0.03046875 0.08984375
3 0.70078125 0.134375 0.0359375 0.10625
3 0.21328125 0.3484375 0.028125 0.1015625
3 0.484375 0.353125 0.02734375 0.10546875
3 0.70859375 0.35390625 0.028125 0.10234375
3 0.2171875 0.5453125 0.04140625 0.10703125
3 0.5 0.54375 0.046875 0.1125
3 0.72734375 0.55 0.040625 0.1265625
3 0.21875 0.7578125 0.034375 0.11640625
3 0.50390625 0.7546875 0.0328125 0.115625
3 0.72265625 0.746875 0.0328125 0.10390625
5 0.215625 0.08984375 0.02890625 0.02734375
5 0.475 0.09296875 0.02578125 0.025
5 0.70078125 0.09453125 0.0359375 0.02578125
5 0.2109375 0.3078125 0.0328125 0.025
5 0.48046875 0.31171875 0.03359375 0.028125
5 0.7109375 0.31171875 0.02578125 0.0234375
5 0.2171875 0.5046875 0.05390625 0.0375
5 0.49921875 0.50234375 0.0375 0.03359375
5 0.7265625 0.50234375 0.05390625 0.0453125
5 0.2125 0.71171875 0.04140625 0.02734375
5 0.503125 0.70859375 0.04609375 0.03125
5 0.72578125 0.7046875 0.04453125 0.03515625