0 0.2125 0.215625 0.0421875 0.12421875
0 0.5203125 0.22109375 0.0796875 0.115625
0 0.78515625 0.221875 0.06171875 0.09765625
0 0.2296875 0.4140625 0.0484375 0.12109375
0 0.5171875 0.3953125 0.0546875 0.1125
0 0.79375 0.378125 0.0484375 0.1109375
0 0.21640625 0.57421875 0.05703125 0.11640625
0 0.5296875 0.55859375 0.06171875 0.12109375
0 0.79765625 0.54453125 0.07265625 0.12578125
0 0.22265625 0.7734375 0.05703125 0.14609375
0 0.53515625 0.7515625 0.05546875 0.159375
0 0.82578125 0.74140625 0.06796875 0.1359375
5 0.2140625 0.26484375 0.0328125 0.01953125
5 0.52109375 0.2625 0.053125 0.0265625
5 0.78828125 0.2625 0.04609375 0.02890625
5 0.2296875 0.4515625 0.04140625 0.02578125
5 0.5203125 0.4421875 0.0515625 0.0359375
5 0.79453125 0.4234375 0.0484375 0.0265625
5 0.225 0.6265625 0.0484375 0.02578125
5 0.53359375 0.60390625 0.0375 0.02890625
5 0.8015625 0.59609375 0.0484375 0.025
5 0.22109375 0.8234375 0.0515625 0.0375
5 0.53828125 0.8140625 0.05625 0.0421875
5 0.821875 0.78515625 0.04453125 0.0234375