0 0.23671875 0.19921875 0.0546875 0.13515625
0 0.51015625 0.18203125 0.06015625 0.1453125
0 0.82265625 0.16953125 0.0859375 0.13125
0 0.23671875 0.37265625 0.07578125 0.11328125
0 0.51640625 0.365625 0.06796875 0.115625
0 0.81484375 0.3609375 0.07578125 0.10546875
0 0.21171875 0.6484375 0.0625 0.1171875
0 0.5046875 0.63515625 0.0859375 0.109375
0 0.81640625 0.63984375 0.08828125 0.11953125
0 0.1890625 0.86015625 0.06484375 0.121875
0 0.50625 0.859375 0.0625 0.12734375
0 0.8203125 0.8484375 0.08046875 0.1171875
5 0.2296875 0.23984375 0.053125 0.03125
5 0.51640625 0.23046875 0.053125 0.04765625
5 0.809375 0.215625 0.07578125 0.034375
5 0.2328125 0.41015625 0.04765625 0.0390625
5 0.509375 0.39765625 0.05 0.03203125
5 0.81484375 0.390625 0.04765625 0.03359375
5 0.2046875 0.684375 0.06015625 0.03203125
5 0.5125 0.67421875 0.07890625 0.04921875
5 0.81796875 0.68046875 0.06484375 0.04296875
5 0.18359375 0.89921875 0.05703125 0.03984375
5 0.5046875 0.89609375 0.0546875 0.03984375
5 0.81953125 0.884375 0.04765625 0.0453125