4 0.175 0.178125 0.18671875 0.12265625
4 0.4703125 0.17578125 0.16796875 0.11796875
4 0.75234375 0.17890625 0.146875 0.11484375
4 0.18515625 0.425 0.153125 0.13046875
4 0.47578125 0.428125 0.128125 0.13046875
4 0.775 0.42421875 0.13046875 0.11015625
4 0.18671875 0.6609375 0.17578125 0.14296875
4 0.46328125 0.6609375 0.16171875 0.1328125
4 0.790625 0.66328125 0.153125 0.11640625
4 0.2 0.846875 0.128125 0.11484375
4 0.471875 0.85234375 0.153125 0.14140625
4 0.81015625 0.83828125 0.1515625 0.13828125