0 0.20859375 0.19609375 0.04609375 0.12265625
0 0.50859375 0.19921875 0.059375 0.1296875
0 0.78828125 0.21015625 0.07265625 0.12734375
0 0.20078125 0.41484375 0.06640625 0.159375
0 0.484375 0.42265625 0.06875 0.1375
0 0.7734375 0.42890625 0.059375 0.128125
0 0.18515625 0.6171875 0.053125 0.14921875
0 0.47734375 0.61875 0.04609375 0.12265625
0 0.7546875 0.6265625 0.05703125 0.12421875
0 0.1734375 0.83203125 0.06796875 0.15078125
0 0.4640625 0.828125 0.04609375 0.1328125
0 0.746875 0.8234375 0.07265625 0.128125
5 0.20546875 0.246875 0.05 0.0390625
5 0.5015625 0.2453125 0.04296875 0.03984375
5 0.78203125 0.25234375 0.04765625 0.0375
5 0.196875 0.4765625 0.053125 0.03359375
5 0.48203125 0.47578125 0.05703125 0.0359375
5 0.7734375 0.47265625 0.053125 0.0421875
5 0.1875 0.675 0.0515625 0.0421875
5 0.4703125 0.6671875 0.05703125 0.04765625
5 0.75390625 0.66328125 0.06328125 0.040625
5 0.17578125 0.88515625 0.06484375 0.04609375
5 0.46796875 0.87421875 0.0671875 0.0484375
5 0.7421875 0.86796875 0.06171875 0.0453125