4 0.18125 0.13203125 0.18515625 0.11171875
4 0.5421875 0.1515625 0.24140625 0.128125
4 0.84609375 0.178125 0.25234375 0.1453125
4 0.1921875 0.36484375 0.23203125 0.13046875
4 0.4953125 0.35859375 0.2421875 0.12578125
4 0.79140625 0.37578125 0.26015625 0.125
4 0.19609375 0.58359375 0.2296875 0.14140625
4 0.50546875 0.58828125 0.2703125 0.14609375
4 0.77890625 0.59375 0.23984375 0.14296875
4 0.190625 0.80234375 0.23359375 0.13671875
4 0.4875 0.8078125 0.30703125 0.15078125
4 0.78359375 0.809375 0.25625 0.153125