5 0.19140625 0.25 0.0484375 0.034375
5 0.55390625 0.25234375 0.0453125 0.0390625
5 0.83515625 0.2609375 0.05078125 0.03046875
0 0.828125 0.3859375 0.0484375 0.125
0 0.55 0.39453125 0.0484375 0.15078125
0 0.19453125 0.39765625 0.059375 0.165625
5 0.825 0.43515625 0.065625 0.034375
5 0.55 0.4421875 0.0484375 0.034375
5 0.18828125 0.459375 0.065625 0.034375
0 0.5484375 0.63046875 0.05078125 0.153125
0 0.184375 0.63984375 0.0453125 0.16796875
0 0.828125 0.6484375 0.05390625 0.15078125
5 0.546875 0.69296875 0.065625 0.040625
5 0.1875 0.70390625 0.05078125 0.040625
5 0.83359375 0.7078125 0.0484375 0.03203125
0 0.83046875 0.8375 0.07109375 0.1359375
0 0.19140625 0.84375 0.0484375 0.1359375
0 0.54296875 0.84453125 0.05078125 0.15078125
5 0.83359375 0.884375 0.07109375 0.040625
5 0.19296875 0.896875 0.05078125 0.0390625
5 0.5484375 0.90546875 0.0625 0.04296875
0 0.1875 0.18828125 0.05703125 0.165625
0 0.54453125 0.1921875 0.0765625 0.159375
0 0.83203125 0.19375 0.0625 0.1640625