0 0.19296875 0.19453125 0.06484375 0.1625
0 0.55703125 0.19921875 0.03671875 0.16953125
0 0.83671875 0.2 0.0609375 0.1625
0 0.18984375 0.40390625 0.09765625 0.16796875
0 0.546875 0.40234375 0.0703125 0.16640625
0 0.8265625 0.38515625 0.0515625 0.125
0 0.184375 0.64296875 0.06640625 0.159375
0 0.55390625 0.63984375 0.07265625 0.1453125
0 0.8359375 0.66171875 0.0671875 0.15234375
0 0.1828125 0.84921875 0.06484375 0.1265625
0 0.5375 0.8453125 0.04765625 0.13671875
0 0.8375 0.8390625 0.07109375 0.1234375
5 0.19375 0.24921875 0.0515625 0.03125
5 0.54921875 0.25390625 0.04296875 0.02578125
5 0.8375 0.2625 0.0484375 0.02890625
5 0.20390625 0.4625 0.0703125 0.02890625
5 0.55546875 0.4453125 0.04765625 0.03125
5 0.83203125 0.4375 0.05 0.03046875
5 0.18203125 0.7046875 0.06875 0.03046875
5 0.5515625 0.69453125 0.05625 0.025
5 0.82890625 0.7078125 0.05625 0.0234375
5 0.18515625 0.90390625 0.04609375 0.028125
5 0.54296875 0.90546875 0.04609375 0.03125
5 0.83359375 0.88671875 0.05859375 0.040625