0 0.16796875 0.09453125 0.06171875 0.13125
0 0.45078125 0.1875 0.0640625 0.140625
0 0.84375 0.2015625 0.05078125 0.1296875
0 0.1546875 0.40234375 0.06171875 0.140625
0 0.50546875 0.4015625 0.05703125 0.1390625
0 0.85546875 0.41171875 0.05703125 0.1359375
0 0.153125 0.6296875 0.06796875 0.140625
0 0.53359375 0.63125 0.06171875 0.134375
0 0.85234375 0.61328125 0.0640625 0.13046875
0 0.16953125 0.86796875 0.084375 0.159375
0 0.54765625 0.853125 0.0640625 0.15625
0 0.8546875 0.86015625 0.07265625 0.1609375
5 0.165625 0.14765625 0.04453125 0.0234375
5 0.45078125 0.23515625 0.04140625 0.03125
5 0.8453125 0.2484375 0.04765625 0.025
5 0.15546875 0.45703125 0.0359375 0.0265625
5 0.5078125 0.45703125 0.04296875 0.02890625
5 0.8578125 0.46015625 0.053125 0.0234375
5 0.15859375 0.684375 0.04765625 0.02890625
5 0.5375 0.6828125 0.05703125 0.03359375
5 0.86484375 0.6796875 0.04765625 0.03046875
5 0.17421875 0.928125 0.05 0.0375
5 0.5515625 0.91875 0.04296875 0.0390625
5 0.85703125 0.9234375 0.04609375 0.034375