0 0.2109375 0.16640625 0.03984375 0.103125
0 0.50625 0.1765625 0.04375 0.09296875
0 0.753125 0.1765625 0.04453125 0.0796875
0 0.19609375 0.34140625 0.0421875 0.1046875
0 0.48046875 0.3421875 0.0546875 0.0828125
0 0.76640625 0.328125 0.0703125 0.09765625
0 0.1640625 0.53125 0.06640625 0.0890625
0 0.490625 0.52578125 0.05703125 0.08828125
0 0.74765625 0.503125 0.0546875 0.09296875
0 0.146875 0.715625 0.05703125 0.11796875
0 0.48671875 0.70390625 0.053125 0.10625
0 0.7546875 0.690625 0.06796875 0.0859375
5 0.2109375 0.19765625 0.04609375 0.04609375
5 0.50078125 0.2 0.05625 0.0390625
5 0.75078125 0.203125 0.06015625 0.0453125
5 0.190625 0.36484375 0.03984375 0.03203125
5 0.47734375 0.3578125 0.0484375 0.04609375
5 0.765625 0.3578125 0.0484375 0.040625
5 0.1671875 0.55390625 0.05 0.0390625
5 0.490625 0.54140625 0.04140625 0.0484375
5 0.74921875 0.53125 0.04453125 0.0390625
5 0.15 0.7484375 0.053125 0.0375
5 0.49296875 0.7296875 0.0484375 0.04921875
5 0.753125 0.71484375 0.04765625 0.0359375