4 0.1328125 0.33515625 0.1640625 0.14296875
4 0.1109375 0.09921875 0.1328125 0.13828125
4 0.45390625 0.10390625 0.1640625 0.11953125
4 0.42890625 0.34453125 0.16796875 0.1484375
4 0.7828125 0.34296875 0.1328125 0.1328125
4 0.13671875 0.546875 0.1640625 0.12265625
4 0.45390625 0.5390625 0.134375 0.10703125
4 0.784375 0.5328125 0.1328125 0.10703125
4 0.15 0.75078125 0.165625 0.13046875
4 0.5015625 0.7328125 0.1640625 0.11953125
4 0.79296875 0.7375 0.1453125 0.13515625
4 0.76484375 0.09609375 0.14296875 0.12890625