0 0.2359375 0.22421875 0.0484375 0.10625
0 0.49296875 0.23046875 0.05546875 0.11796875
0 0.7734375 0.234375 0.0640625 0.115625
0 0.2296875 0.384375 0.03984375 0.1109375
0 0.49296875 0.396875 0.04609375 0.11640625
0 0.78984375 0.3859375 0.065625 0.1140625
0 0.23203125 0.56328125 0.04453125 0.09140625
0 0.50078125 0.56015625 0.0703125 0.1078125
0 0.79375 0.5515625 0.05703125 0.12421875
0 0.2203125 0.70546875 0.03984375 0.0890625
0 0.50703125 0.69609375 0.0484375 0.1109375
0 0.803125 0.70625 0.0796875 0.1078125
5 0.234375 0.2546875 0.03046875 0.025
5 0.496875 0.26953125 0.04453125 0.02578125
5 0.77578125 0.27578125 0.04609375 0.028125
5 0.23359375 0.42421875 0.03125 0.03046875
5 0.49375 0.4328125 0.02734375 0.0234375
5 0.79453125 0.4265625 0.04765625 0.034375
5 0.2234375 0.59921875 0.0375 0.0359375
5 0.5 0.60234375 0.04296875 0.02578125
5 0.79609375 0.59375 0.04765625 0.03984375
5 0.2234375 0.73671875 0.03125 0.028125
5 0.49921875 0.7359375 0.03046875 0.02890625
5 0.8 0.7453125 0.03984375 0.0390625