4 0.1640625 0.13828125 0.2140625 0.203125
4 0.46328125 0.1296875 0.22109375 0.21328125
4 0.76796875 0.12421875 0.2125 0.20703125
4 0.1609375 0.371875 0.19296875 0.1859375
4 0.49296875 0.340625 0.18359375 0.18046875
4 0.7875 0.33515625 0.1734375 0.175
4 0.15546875 0.58515625 0.1890625 0.18125
4 0.4890625 0.56796875 0.18671875 0.20859375
4 0.78671875 0.55 0.18359375 0.2078125
4 0.1625 0.784375 0.18203125 0.1671875
4 0.48671875 0.7671875 0.18359375 0.16953125
4 0.79140625 0.74296875 0.19921875 0.1546875