0 0.20234375 0.12265625 0.05078125 0.11796875
0 0.51328125 0.128125 0.07265625 0.09921875
0 0.8625 0.13828125 0.08359375 0.1125
0 0.16875 0.29921875 0.0640625 0.1125
0 0.50390625 0.3015625 0.0859375 0.09765625
0 0.8671875 0.2984375 0.0796875 0.09765625
0 0.153125 0.52421875 0.07265625 0.103125
0 0.48046875 0.5234375 0.0703125 0.1109375
0 0.8796875 0.51484375 0.06640625 0.12265625
0 0.15 0.7671875 0.0703125 0.1078125
0 0.49296875 0.76640625 0.08203125 0.11328125
0 0.88125 0.77734375 0.0640625 0.1109375
5 0.19609375 0.1671875 0.04609375 0.0265625
5 0.509375 0.15703125 0.0734375 0.03203125
5 0.865625 0.17421875 0.06328125 0.0390625
5 0.1703125 0.3296875 0.0515625 0.03359375
5 0.50546875 0.32421875 0.0734375 0.03671875
5 0.8625 0.328125 0.0671875 0.02578125
5 0.1546875 0.55859375 0.0546875 0.02890625
5 0.4796875 0.56015625 0.053125 0.02578125
5 0.88203125 0.55546875 0.06484375 0.03984375
5 0.15 0.8078125 0.06171875 0.034375
5 0.49375 0.8078125 0.06171875 0.04453125
5 0.88203125 0.81796875 0.04765625 0.0375