0 0.13203125 0.7953125 0.053125 0.1578125
0 0.46640625 0.778125 0.0421875 0.159375
0 0.78515625 0.76171875 0.0484375 0.159375
0 0.13125 0.5609375 0.04609375 0.1359375
0 0.4859375 0.55078125 0.0421875 0.15625
0 0.77734375 0.534375 0.0640625 0.15234375
0 0.14296875 0.371875 0.04453125 0.1296875
0 0.48515625 0.36640625 0.03515625 0.1140625
0 0.76953125 0.35703125 0.053125 0.115625
0 0.153125 0.1859375 0.02890625 0.1125
0 0.48671875 0.190625 0.0328125 0.1109375
0 0.775 0.1828125 0.0375 0.11953125
5 0.14921875 0.2234375 0.0375 0.02265625
5 0.4859375 0.2234375 0.034375 0.025
5 0.77265625 0.22890625 0.0484375 0.025
5 0.14140625 0.4234375 0.0359375 0.021875
5 0.4828125 0.41015625 0.02890625 0.0203125
5 0.76796875 0.4015625 0.0546875 0.03125
5 0.13125 0.62421875 0.0328125 0.02890625
5 0.48046875 0.6078125 0.03984375 0.025
5 0.78046875 0.60078125 0.04765625 0.03046875
5 0.12578125 0.8609375 0.04609375 0.025
5 0.4625 0.84765625 0.0328125 0.0265625
5 0.7859375 0.825 0.0515625 0.040625