3 0.15625 0.165625 0.0421875 0.14140625
3 0.3859375 0.165625 0.03671875 0.12265625
3 0.64453125 0.15 0.03359375 0.084375
3 0.165625 0.34453125 0.03828125 0.08984375
3 0.390625 0.340625 0.03125 0.0859375
3 0.665625 0.34296875 0.03125 0.096875
3 0.1671875 0.50625 0.0453125 0.1203125
3 0.4 0.5078125 0.046875 0.11328125
3 0.696875 0.51875 0.04921875 0.12890625
3 0.16953125 0.69375 0.03828125 0.075
3 0.38984375 0.7171875 0.03828125 0.115625
3 0.6859375 0.73828125 0.03984375 0.16875
5 0.1546875 0.11015625 0.03984375 0.02734375
5 0.37734375 0.1140625 0.02734375 0.028125
5 0.64296875 0.11796875 0.028125 0.0203125
5 0.1609375 0.3078125 0.0453125 0.02734375
5 0.39140625 0.31171875 0.0375 0.0234375
5 0.66875 0.3078125 0.05 0.03671875
5 0.165625 0.46328125 0.05 0.028125
5 0.3984375 0.46484375 0.0609375 0.03359375
5 0.68984375 0.46875 0.05 0.03515625
5 0.16171875 0.66640625 0.04375 0.02109375
5 0.3875 0.671875 0.03359375 0.03515625
5 0.68515625 0.6734375 0.053125 0.02890625