3 0.2140625 0.1203125 0.0515625 0.14375
3 0.48125 0.14609375 0.0671875 0.175
3 0.7484375 0.1859375 0.06484375 0.1765625
3 0.21328125 0.36875 0.04609375 0.14921875
3 0.46796875 0.39296875 0.04375 0.1640625
3 0.7375 0.39765625 0.04765625 0.14921875
3 0.2015625 0.61796875 0.06875 0.159375
3 0.4734375 0.6359375 0.04765625 0.1671875
3 0.75859375 0.64375 0.059375 0.16640625
3 0.20625 0.86328125 0.03984375 0.175
3 0.46875 0.86328125 0.05 0.16640625
3 0.76796875 0.86953125 0.03671875 0.15078125
5 0.2140625 0.06953125 0.053125 0.0359375
5 0.47734375 0.08828125 0.0515625 0.034375
5 0.7484375 0.11796875 0.04296875 0.03125
5 0.20625 0.30234375 0.04609375 0.03125
5 0.4703125 0.3203125 0.0484375 0.03203125
5 0.73828125 0.3375 0.0484375 0.0390625
5 0.20390625 0.55390625 0.04765625 0.02265625
5 0.4734375 0.5625 0.04296875 0.0203125
5 0.75625 0.58515625 0.053125 0.04765625
5 0.2109375 0.78671875 0.04296875 0.0234375
5 0.465625 0.796875 0.0546875 0.0375
5 0.7640625 0.809375 0.0375 0.0234375