0 0.21796875 0.2421875 0.03359375 0.18203125
0 0.49453125 0.2375 0.0703125 0.14140625
0 0.74609375 0.25546875 0.08359375 0.2015625
0 0.2078125 0.44765625 0.0390625 0.1390625
0 0.4890625 0.43046875 0.0703125 0.11953125
0 0.75078125 0.42421875 0.046875 0.1
0 0.19609375 0.62109375 0.0515625 0.13671875
0 0.48359375 0.60625 0.04453125 0.11953125
0 0.7421875 0.6046875 0.07578125 0.1390625
0 0.18828125 0.80625 0.05234375 0.18203125
0 0.47734375 0.78203125 0.06796875 0.14921875
0 0.76328125 0.7921875 0.08046875 0.1703125
5 0.21875 0.3140625 0.06171875 0.0359375
5 0.48671875 0.29375 0.05 0.0484375
5 0.75078125 0.325 0.0828125 0.0546875
5 0.20703125 0.496875 0.0671875 0.0421875
5 0.48203125 0.46171875 0.0703125 0.04765625
5 0.74609375 0.45078125 0.0703125 0.0484375
5 0.19453125 0.6671875 0.0703125 0.0578125
5 0.4859375 0.6359375 0.06328125 0.0453125
5 0.753125 0.63203125 0.1015625 0.0703125
5 0.17421875 0.8578125 0.05625 0.0671875
5 0.47265625 0.8296875 0.06484375 0.07109375
5 0.76171875 0.85078125 0.09296875 0.071875