0 0.27421875 0.234375 0.05078125 0.14296875
0 0.2734375 0.4296875 0.04453125 0.1390625
0 0.2578125 0.6234375 0.03515625 0.1609375
0 0.25078125 0.82890625 0.04609375 0.17734375
0 0.546875 0.24375 0.053125 0.15078125
0 0.5375 0.43203125 0.0328125 0.14609375
0 0.540625 0.61796875 0.0703125 0.14765625
0 0.53125 0.8265625 0.06171875 0.18203125
0 0.79375 0.2484375 0.03984375 0.15078125
0 0.79375 0.42890625 0.04375 0.14765625
0 0.80859375 0.61640625 0.06875 0.15078125
0 0.809375 0.8234375 0.06171875 0.17109375
5 0.27890625 0.30390625 0.0328125 0.0265625
5 0.5390625 0.31015625 0.0375 0.02578125
5 0.79453125 0.31484375 0.0484375 0.03359375
5 0.26640625 0.4921875 0.034375 0.021875
5 0.53671875 0.49609375 0.0390625 0.0265625
5 0.80703125 0.50078125 0.04609375 0.03046875
5 0.2609375 0.69296875 0.034375 0.0203125
5 0.53046875 0.67578125 0.02890625 0.03671875
5 0.80078125 0.678125 0.03046875 0.02890625
5 0.25078125 0.8953125 0.04296875 0.028125
5 0.534375 0.89609375 0.034375 0.02890625
5 0.8046875 0.8953125 0.04453125 0.028125