4 0.2125 0.18828125 0.278125 0.1921875
4 0.540625 0.1921875 0.23828125 0.20625
4 0.81484375 0.19375 0.21796875 0.19375
4 0.17734375 0.4421875 0.265625 0.1671875
4 0.47890625 0.43984375 0.24296875 0.15703125
4 0.78984375 0.4390625 0.2546875 0.1765625
4 0.20234375 0.6671875 0.28984375 0.1671875
4 0.51328125 0.65078125 0.2609375 0.14453125
4 0.81171875 0.63984375 0.26953125 0.15
4 0.18125 0.87890625 0.27734375 0.15703125
4 0.50703125 0.86953125 0.228125 0.15625
4 0.79140625 0.86796875 0.228125 0.1578125