0 0.2453125 0.22421875 0.04375 0.06875
0 0.44921875 0.21640625 0.03828125 0.0890625
0 0.7421875 0.234375 0.03984375 0.1109375
0 0.22421875 0.39375 0.07109375 0.1015625
0 0.4515625 0.39453125 0.059375 0.10078125
0 0.74375 0.39375 0.059375 0.1046875
0 0.22109375 0.58125 0.053125 0.10078125
0 0.46015625 0.56953125 0.0609375 0.11640625
0 0.73671875 0.56171875 0.0671875 0.1203125
0 0.21015625 0.76953125 0.0421875 0.09765625
0 0.484375 0.7515625 0.03671875 0.1234375
0 0.74765625 0.74375 0.059375 0.10625
5 0.24609375 0.2421875 0.04453125 0.03203125
5 0.4515625 0.246875 0.02578125 0.025
5 0.7453125 0.26796875 0.03984375 0.034375
5 0.22265625 0.43125 0.03046875 0.03125
5 0.45546875 0.43046875 0.0375 0.03203125
5 0.7375 0.434375 0.0390625 0.03671875
5 0.215625 0.61328125 0.0328125 0.02890625
5 0.46328125 0.6140625 0.03984375 0.03203125
5 0.73984375 0.609375 0.034375 0.0359375
5 0.21171875 0.80546875 0.0359375 0.0375
5 0.484375 0.7953125 0.034375 0.0375
5 0.75078125 0.77421875 0.03046875 0.04296875