4 0.17109375 0.15625 0.203125 0.17578125
4 0.4953125 0.15390625 0.16328125 0.1578125
4 0.834375 0.15078125 0.1875 0.1609375
4 0.14765625 0.3734375 0.18359375 0.16484375
4 0.453125 0.37421875 0.1671875 0.159375
4 0.74375 0.36875 0.16171875 0.14453125
4 0.1359375 0.58359375 0.15078125 0.13984375
4 0.440625 0.578125 0.15078125 0.1546875
4 0.71328125 0.56953125 0.14453125 0.13984375
4 0.1203125 0.76796875 0.14765625 0.14375
4 0.4171875 0.7625 0.1109375 0.15625
4 0.66484375 0.75703125 0.146875 0.146875