0 0.24921875 0.2671875 0.0484375 0.09921875
0 0.5015625 0.27421875 0.0421875 0.103125
0 0.753125 0.27890625 0.0375 0.103125
0 0.24453125 0.44765625 0.0484375 0.1078125
0 0.50546875 0.44609375 0.04453125 0.1078125
0 0.75234375 0.44296875 0.053125 0.12265625
0 0.22578125 0.63046875 0.04609375 0.09921875
0 0.49921875 0.63671875 0.05078125 0.1109375
0 0.75546875 0.6359375 0.0546875 0.109375
0 0.2171875 0.8265625 0.04609375 0.109375
0 0.4859375 0.821875 0.07265625 0.11796875
0 0.75859375 0.8328125 0.05703125 0.109375
5 0.24296875 0.30234375 0.02734375 0.01640625
5 0.503125 0.3125 0.04609375 0.0203125
5 0.753125 0.3203125 0.04140625 0.02265625
5 0.23984375 0.484375 0.04140625 0.01484375
5 0.49921875 0.48515625 0.0390625 0.03359375
5 0.7578125 0.49375 0.0390625 0.02890625
5 0.228125 0.6703125 0.04296875 0.01796875
5 0.490625 0.67109375 0.03046875 0.0234375
5 0.759375 0.6765625 0.03984375 0.03203125
5 0.21640625 0.8703125 0.0484375 0.03203125
5 0.490625 0.8734375 0.0546875 0.0390625
5 0.76171875 0.875 0.04453125 0.0234375