0 0.22421875 0.14765625 0.0703125 0.15703125
0 0.39453125 0.146875 0.06796875 0.14609375
0 0.58984375 0.1515625 0.05703125 0.1390625
0 0.775 0.15390625 0.065625 0.12734375
0 0.21484375 0.39921875 0.0703125 0.14453125
0 0.40703125 0.38671875 0.06640625 0.1421875
0 0.5984375 0.38125 0.06171875 0.17109375
0 0.77578125 0.3765625 0.08828125 0.17421875
0 0.1609375 0.6390625 0.08203125 0.16953125
0 0.39921875 0.621875 0.07734375 0.14453125
0 0.6078125 0.61484375 0.07109375 0.1375
0 0.77734375 0.58828125 0.1015625 0.1640625
0 0.1828125 0.85390625 0.09453125 0.1640625
0 0.39921875 0.84140625 0.08203125 0.16875
0 0.61875 0.8328125 0.0703125 0.16953125
0 0.7875 0.834375 0.0859375 0.159375
5 0.228125 0.19609375 0.0484375 0.0453125
5 0.40234375 0.18984375 0.0703125 0.053125
5 0.59375 0.19296875 0.06328125 0.05390625
5 0.7734375 0.1921875 0.06171875 0.0484375
5 0.21640625 0.4453125 0.06875 0.0484375
5 0.4125 0.4390625 0.0734375 0.03984375
5 0.5984375 0.4328125 0.0734375 0.06328125
5 0.7765625 0.42734375 0.0734375 0.0515625
5 0.15625 0.69453125 0.06875 0.0453125
5 0.4 0.66015625 0.08046875 0.0625
5 0.60859375 0.66015625 0.07578125 0.05390625
5 0.7671875 0.6359375 0.09140625 0.06015625
5 0.165625 0.9 0.07578125 0.06328125
5 0.4015625 0.88515625 0.071875 0.06171875
5 0.6234375 0.8890625 0.09453125 0.05703125
5 0.78984375 0.88046875 0.1 0.0875