9 0.409375 0.0625 0.3390625 0.1203125
0 0.4171875 0.15625 0.05234375 0.109375
7 0.40546875 0.2296875 0.23046875 0.06328125
0 0.409375 0.303125 0.03984375 0.11171875
4 0.3953125 0.415625 0.2234375 0.12890625
0 0.3765625 0.525 0.05625 0.096875
6 0.39140625 0.60859375 0.2765625 0.11875
0 0.37734375 0.69765625 0.05078125 0.1203125
7 0.38125 0.7703125 0.2671875 0.07421875
1 0.159375 0.77109375 0.20859375 0.0359375
3 0.06953125 0.578125 0.0609375 0.38203125
2 0.17890625 0.40546875 0.2171875 0.0375
2 0.615625 0.4265625 0.23125 0.04375
9 0.825 0.42109375 0.16796875 0.08125
5 0.415625 0.190625 0.04453125 0.03359375
5 0.4015625 0.3390625 0.04296875 0.02890625
5 0.37734375 0.5546875 0.0625 0.03828125
5 0.37109375 0.7359375 0.06015625 0.02734375
5 0.07734375 0.7765625 0.04765625 0.04453125
5 0.06328125 0.4046875 0.0484375 0.04609375
5 0.2671875 0.403125 0.03984375 0.03515625
5 0.6984375 0.428125 0.0484375 0.03984375