9 0.4703125 0.084375 0.3234375 0.14609375
0 0.47109375 0.1953125 0.06328125 0.09609375
7 0.45859375 0.28671875 0.26875 0.115625
0 0.45390625 0.3765625 0.04453125 0.09609375
8 0.4296875 0.4609375 0.2796875 0.10859375
0 0.43984375 0.5515625 0.046875 0.09765625
6 0.4296875 0.6515625 0.26171875 0.13515625
0 0.4296875 0.73984375 0.03359375 0.1234375
9 0.43671875 0.846875 0.25234375 0.11484375
5 0.4703125 0.22890625 0.059375 0.0328125
5 0.44453125 0.40625 0.04765625 0.02734375
5 0.4375 0.590625 0.0515625 0.02578125
5 0.4234375 0.7828125 0.04453125 0.02734375