9 0.4328125 0.07421875 0.3546875 0.146875
0 0.4265625 0.184375 0.0453125 0.11875
7 0.4265625 0.27578125 0.35234375 0.0875
0 0.41875 0.3578125 0.05390625 0.10859375
8 0.415625 0.4390625 0.22734375 0.075
0 0.415625 0.5171875 0.0453125 0.10390625
7 0.41953125 0.58984375 0.3046875 0.08125
0 0.40390625 0.66875 0.03828125 0.10703125
6 0.3921875 0.759375 0.31015625 0.1140625
0 0.38984375 0.8328125 0.0390625 0.09140625
9 0.38671875 0.9203125 0.23125 0.09921875
5 0.4265625 0.2265625 0.05 0.0375
5 0.41875 0.396875 0.03984375 0.02421875
5 0.41328125 0.5484375 0.05078125 0.03828125
5 0.39609375 0.70859375 0.03984375 0.0328125
5 0.38984375 0.86328125 0.0453125 0.028125