0 0.2453125 0.178125 0.04765625 0.10078125
0 0.57734375 0.18046875 0.0609375 0.10078125
0 0.79765625 0.19453125 0.05546875 0.09921875
0 0.2375 0.3578125 0.0515625 0.1046875
0 0.55859375 0.3640625 0.05546875 0.09296875
0 0.79921875 0.35625 0.04765625 0.0828125
0 0.23203125 0.53984375 0.0859375 0.10078125
0 0.55234375 0.5421875 0.05703125 0.1109375
0 0.8078125 0.5375 0.05703125 0.121875
0 0.2203125 0.76171875 0.059375 0.128125
0 0.55234375 0.75703125 0.05390625 0.11171875
0 0.81015625 0.759375 0.05703125 0.1078125
5 0.24296875 0.2140625 0.04453125 0.025
5 0.5640625 0.2109375 0.04140625 0.03203125
5 0.79609375 0.221875 0.04140625 0.03671875
5 0.24140625 0.390625 0.05 0.03984375
5 0.559375 0.39453125 0.03984375 0.0234375
5 0.80078125 0.38046875 0.05 0.034375
5 0.23125 0.58515625 0.05 0.0359375
5 0.559375 0.58046875 0.04296875 0.034375
5 0.80078125 0.578125 0.04140625 0.034375
5 0.225 0.80078125 0.0515625 0.0375
5 0.5578125 0.7984375 0.034375 0.025
5 0.81484375 0.80078125 0.0390625 0.034375