9 0.4625 0.06875 0.33203125 0.12578125
0 0.4640625 0.1515625 0.03515625 0.053125
7 0.46953125 0.2015625 0.29609375 0.06953125
0 0.4671875 0.2453125 0.03828125 0.05546875
6 0.46953125 0.3046875 0.23515625 0.09296875
0 0.46953125 0.359375 0.0328125 0.05078125
8 0.46953125 0.41875 0.203125 0.07421875
0 0.465625 0.471875 0.03515625 0.06484375
6 0.47421875 0.5421875 0.22890625 0.09765625
0 0.465625 0.5890625 0.03515625 0.05234375
8 0.46953125 0.6421875 0.21328125 0.065625
0 0.4578125 0.6890625 0.03828125 0.05859375
7 0.4546875 0.74296875 0.21640625 0.071875
2 0.5953125 0.7453125 0.08125 0.040625
6 0.73046875 0.7546875 0.21484375 0.10703125
0 0.73828125 0.83125 0.04296875 0.09296875
9 0.740625 0.9078125 0.16171875 0.075
5 0.4640625 0.16796875 0.04453125 0.025
5 0.46484375 0.25625 0.0375 0.025
5 0.46875 0.37421875 0.03671875 0.0234375
5 0.4671875 0.4859375 0.03125 0.03046875
5 0.465625 0.6046875 0.034375 0.02265625
5 0.45703125 0.709375 0.03671875 0.0234375
5 0.62265625 0.7453125 0.01796875 0.02734375
5 0.7375 0.8546875 0.046875 0.028125