0 0.14453125 0.15390625 0.05078125 0.1109375
0 0.153125 0.32109375 0.0421875 0.1375
0 0.14765625 0.540625 0.053125 0.1609375
0 0.1359375 0.7875 0.0375 0.1671875
0 0.46328125 0.14765625 0.0484375 0.12109375
0 0.471875 0.3140625 0.0484375 0.1359375
0 0.46875 0.5140625 0.0640625 0.1546875
0 0.45390625 0.771875 0.0484375 0.16875
0 0.78515625 0.13671875 0.0484375 0.1359375
0 0.7765625 0.2921875 0.04453125 0.1359375
0 0.775 0.4859375 0.05078125 0.1640625
0 0.7796875 0.740625 0.0640625 0.17734375
5 0.1421875 0.19765625 0.03984375 0.025
5 0.46484375 0.1921875 0.0390625 0.03125
5 0.77734375 0.18984375 0.0359375 0.0265625
5 0.146875 0.38046875 0.0390625 0.03125
5 0.4640625 0.375 0.0359375 0.0171875
5 0.771875 0.34921875 0.0390625 0.01796875
5 0.14765625 0.609375 0.0484375 0.0265625
5 0.45703125 0.57734375 0.0515625 0.021875
5 0.771875 0.5578125 0.0390625 0.02265625
5 0.1359375 0.85625 0.03125 0.02265625
5 0.44609375 0.83828125 0.03125 0.03203125
5 0.7734375 0.8109375 0.053125 0.028125