9 0.4546875 0.07578125 0.3625 0.1328125
0 0.44375 0.171875 0.053125 0.084375
7 0.446875 0.2453125 0.1953125 0.08125
0 0.4484375 0.3125 0.0546875 0.0796875
8 0.44296875 0.3859375 0.23359375 0.0765625
0 0.44140625 0.44296875 0.04453125 0.0703125
7 0.4375 0.4921875 0.23984375 0.05546875
0 0.43671875 0.5453125 0.03125 0.0640625
4 0.43671875 0.628125 0.16015625 0.109375
1 0.29453125 0.6234375 0.16484375 0.028125
0 0.2203125 0.671875 0.046875 0.10859375
6 0.22421875 0.771875 0.31953125 0.1125
2 0.55703125 0.7625 0.37265625 0.0390625
9 0.81953125 0.77109375 0.1796875 0.078125
0 0.8 0.69765625 0.04296875 0.0875
6 0.78828125 0.6375 0.22265625 0.10078125
2 0.59140625 0.61484375 0.1796875 0.0421875
5 0.44453125 0.1984375 0.06171875 0.03515625
5 0.4453125 0.340625 0.04453125 0.02109375
5 0.43984375 0.46328125 0.0546875 0.0296875
5 0.43671875 0.5625 0.0328125 0.02265625
5 0.2328125 0.62578125 0.03828125 0.0265625
5 0.2296875 0.7140625 0.034375 0.01796875
5 0.66875 0.6140625 0.0328125 0.02734375
5 0.7375 0.7625 0.025 0.0234375
5 0.80390625 0.7328125 0.05859375 0.01953125