3 0.121875 0.10546875 0.06328125 0.13671875
3 0.50859375 0.08984375 0.0515625 0.128125
3 0.834375 0.08203125 0.05703125 0.11953125
3 0.08984375 0.32421875 0.04765625 0.13828125
3 0.48125 0.2734375 0.03984375 0.121875
3 0.84453125 0.2671875 0.06328125 0.14375
3 0.08671875 0.55 0.04921875 0.15546875
3 0.49140625 0.509375 0.0515625 0.1640625
3 0.84375 0.4765625 0.05390625 0.15234375
3 0.0875 0.80625 0.08203125 0.1734375
3 0.484375 0.76875 0.05390625 0.1609375
3 0.86015625 0.72421875 0.0671875 0.159375
5 0.1171875 0.059375 0.03984375 0.03203125
5 0.50859375 0.0421875 0.0375 0.03046875
5 0.8453125 0.040625 0.04765625 0.03359375
5 0.09375 0.2640625 0.05625 0.028125
5 0.48203125 0.2390625 0.04765625 0.0421875
5 0.8359375 0.20625 0.0515625 0.02265625
5 0.08359375 0.4859375 0.04140625 0.0265625
5 0.48984375 0.440625 0.0390625 0.03046875
5 0.8453125 0.4125 0.0359375 0.03359375
5 0.0828125 0.74296875 0.0484375 0.03046875
5 0.47734375 0.7046875 0.03125 0.02890625
5 0.85546875 0.65625 0.02890625 0.0265625