3 0.19453125 0.11484375 0.034375 0.0953125
3 0.4109375 0.15546875 0.03046875 0.171875
3 0.72734375 0.15703125 0.0375 0.184375
3 0.19375 0.34140625 0.03671875 0.10625
3 0.415625 0.3796875 0.03671875 0.17421875
3 0.71875 0.36171875 0.02578125 0.13828125
3 0.19296875 0.578125 0.0375 0.09140625
3 0.41796875 0.5890625 0.04140625 0.11171875
3 0.734375 0.5875 0.03515625 0.1078125
3 0.1859375 0.76796875 0.03515625 0.16015625
3 0.42421875 0.77109375 0.03984375 0.171875
3 0.73125 0.77421875 0.03046875 0.1734375
5 0.184375 0.075 0.0296875 0.021875
5 0.41015625 0.075 0.028125 0.03046875
5 0.72109375 0.07890625 0.0453125 0.0296875
5 0.18828125 0.30234375 0.03203125 0.02734375
5 0.4125 0.3 0.03046875 0.028125
5 0.715625 0.3 0.040625 0.03203125
5 0.19296875 0.54296875 0.046875 0.0375
5 0.40703125 0.54609375 0.05234375 0.03203125
5 0.73828125 0.54609375 0.0484375 0.0359375
5 0.18359375 0.69921875 0.0421875 0.0265625
5 0.42578125 0.69921875 0.0421875 0.028125
5 0.73125 0.69921875 0.046875 0.0359375