0 0.14453125 0.1640625 0.0484375 0.134375
0 0.1453125 0.35234375 0.02890625 0.115625
0 0.13125 0.55703125 0.06640625 0.15078125
0 0.12265625 0.8265625 0.06640625 0.1890625
0 0.47734375 0.1578125 0.04453125 0.115625
0 0.47421875 0.34375 0.0546875 0.1125
0 0.4796875 0.53515625 0.0484375 0.12109375
0 0.73515625 0.1625 0.06640625 0.1046875
0 0.74296875 0.33046875 0.0640625 0.103125
0 0.48515625 0.7609375 0.0421875 0.17421875
0 0.7609375 0.50546875 0.06796875 0.14453125
0 0.77265625 0.7515625 0.0703125 0.16953125
5 0.14375 0.215625 0.0328125 0.02578125
5 0.4796875 0.20703125 0.0390625 0.0265625
5 0.734375 0.20234375 0.04765625 0.02578125
5 0.14375 0.39765625 0.0359375 0.0234375
5 0.48046875 0.38203125 0.03984375 0.03125
5 0.74375 0.36484375 0.0546875 0.025
5 0.1296875 0.6234375 0.0390625 0.025
5 0.48359375 0.57578125 0.0390625 0.0265625
5 0.7609375 0.5515625 0.0515625 0.034375
5 0.11796875 0.89609375 0.04765625 0.03203125
5 0.48046875 0.8296875 0.0375 0.02265625
5 0.778125 0.8078125 0.05703125 0.034375