9 0.3921875 0.07734375 0.228125 0.13203125
0 0.3953125 0.16484375 0.025 0.05390625
7 0.390625 0.23515625 0.19375 0.096875
0 0.3921875 0.30546875 0.02890625 0.08125
4 0.403125 0.44921875 0.1921875 0.22578125
0 0.3984375 0.603125 0.0265625 0.08515625
6 0.3796875 0.73046875 0.20234375 0.16875
0 0.3921875 0.81015625 0.03359375 0.08828125
7 0.384375 0.9 0.26015625 0.12265625
1 0.19609375 0.9 0.1375 0.05625
3 0.1328125 0.67578125 0.04609375 0.475
2 0.21875 0.45546875 0.175 0.046875
2 0.55546875 0.446875 0.13125 0.04375
9 0.69453125 0.44609375 0.1625 0.1625
5 0.39609375 0.171875 0.028125 0.03359375
5 0.39375 0.32578125 0.03203125 0.03203125
5 0.3953125 0.61796875 0.02578125 0.034375
5 0.38984375 0.840625 0.0296875 0.02734375
5 0.14765625 0.90234375 0.03125 0.05546875
5 0.1359375 0.45859375 0.0375 0.04296875
5 0.29296875 0.4640625 0.0265625 0.046875
5 0.6046875 0.44453125 0.02890625 0.03828125