0 0.203125 0.15234375 0.053125 0.15703125
0 0.51640625 0.14921875 0.053125 0.1578125
0 0.82265625 0.17578125 0.053125 0.18046875
0 0.190625 0.37421875 0.06875 0.1578125
0 0.51796875 0.38515625 0.065625 0.17265625
0 0.80703125 0.39296875 0.05703125 0.18046875
0 0.1640625 0.59453125 0.0546875 0.1859375
0 0.49296875 0.6 0.0375 0.1609375
0 0.76875 0.60390625 0.05078125 0.14921875
0 0.125 0.80234375 0.0546875 0.17734375
0 0.46796875 0.81328125 0.05703125 0.165625
0 0.765625 0.82578125 0.0484375 0.1671875
5 0.20390625 0.2140625 0.04453125 0.021875
5 0.51875 0.21875 0.034375 0.025
5 0.82109375 0.25 0.04609375 0.03125
5 0.18515625 0.45 0.0375 0.028125
5 0.51640625 0.45859375 0.04453125 0.0265625
5 0.8 0.45859375 0.04609375 0.0234375
5 0.1515625 0.6640625 0.05 0.025
5 0.490625 0.66796875 0.0359375 0.03046875
5 0.771875 0.67109375 0.0390625 0.03671875
5 0.1171875 0.884375 0.0375 0.03671875
5 0.4546875 0.8859375 0.04609375 0.034375
5 0.7625 0.890625 0.034375 0.0359375