9 0.496875 0.1234375 0.5234375 0.12890625
0 0.54140625 0.2125 0.071875 0.06875
7 0.53359375 0.2859375 0.425 0.10234375
0 0.534375 0.359375 0.0859375 0.07421875
8 0.465625 0.4265625 0.3875 0.0796875
0 0.5421875 0.4890625 0.07890625 0.075
6 0.49296875 0.6046875 0.525 0.17265625
0 0.5828125 0.678125 0.059375 0.09765625
9 0.553125 0.775 0.37890625 0.121875
5 0.53828125 0.225 0.0875 0.03671875
5 0.53515625 0.371875 0.059375 0.0296875
5 0.5421875 0.5046875 0.06796875 0.028125
5 0.590625 0.71015625 0.0640625 0.0296875