9 0.34140625 0.0828125 0.340625 0.12421875
0 0.37578125 0.16953125 0.05546875 0.05
7 0.4078125 0.24375 0.584375 0.10859375
0 0.41484375 0.3140625 0.05 0.06640625
8 0.41796875 0.38828125 0.28125 0.0875
0 0.41640625 0.4515625 0.04140625 0.06875
7 0.43984375 0.52421875 0.440625 0.0859375
0 0.42578125 0.5875 0.05234375 0.0703125
6 0.43203125 0.70234375 0.396875 0.1796875
0 0.44609375 0.77890625 0.04375 0.0984375
9 0.4375 0.8734375 0.32109375 0.1265625
5 0.375 0.17734375 0.05390625 0.028125
5 0.41484375 0.334375 0.03515625 0.03203125
5 0.41796875 0.46796875 0.05078125 0.0328125
5 0.43046875 0.6 0.034375 0.025
5 0.44296875 0.8078125 0.04140625 0.03515625