0 0.165625 0.1875 0.059375 0.12109375
0 0.46015625 0.1953125 0.09296875 0.13046875
0 0.81328125 0.19609375 0.07734375 0.121875
0 0.1921875 0.36328125 0.06640625 0.078125
0 0.47109375 0.36171875 0.06875 0.0953125
0 0.809375 0.35625 0.059375 0.09453125
0 0.19609375 0.54375 0.07421875 0.10859375
0 0.4828125 0.528125 0.07421875 0.128125
0 0.809375 0.5125 0.08046875 0.1453125
0 0.209375 0.703125 0.05078125 0.05859375
0 0.48671875 0.690625 0.05078125 0.0671875
0 0.809375 0.684375 0.0625 0.06171875
5 0.17109375 0.2328125 0.04921875 0.03203125
5 0.46015625 0.23828125 0.05859375 0.0296875
5 0.815625 0.2390625 0.07421875 0.03828125
5 0.1859375 0.38359375 0.05078125 0.0296875
5 0.46953125 0.3890625 0.04296875 0.02578125
5 0.81015625 0.3796875 0.05546875 0.03046875
5 0.196875 0.57734375 0.0515625 0.025
5 0.478125 0.5734375 0.04921875 0.02421875
5 0.809375 0.5640625 0.0671875 0.03671875
5 0.21015625 0.715625 0.0453125 0.02265625
5 0.48671875 0.70625 0.04765625 0.0234375
5 0.81015625 0.7 0.053125 0.02265625