9 0.2078125 0.0375 0.17109375 0.06953125
0 0.21640625 0.0953125 0.025 0.05625
7 0.2109375 0.153125 0.3125 0.0734375
0 0.215625 0.21171875 0.03203125 0.059375
6 0.18359375 0.3 0.2234375 0.1421875
0 0.2171875 0.36875 0.03125 0.0796875
8 0.19609375 0.44453125 0.175 0.0921875
0 0.1984375 0.5015625 0.03046875 0.06328125
6 0.18125 0.5984375 0.26328125 0.15
0 0.20546875 0.6515625 0.0234375 0.09765625
8 0.17734375 0.73671875 0.1640625 0.08359375
2 0.2984375 0.73359375 0.128125 0.02890625
7 0.4640625 0.73125 0.2109375 0.08125
2 0.590625 0.734375 0.0640625 0.028125
6 0.7625 0.78203125 0.29140625 0.1984375
0 0.7953125 0.85078125 0.0359375 0.10078125
9 0.78125 0.940625 0.14453125 0.11640625
5 0.2140625 0.103125 0.021875 0.02109375
5 0.2171875 0.21953125 0.03515625 0.034375
5 0.21796875 0.38359375 0.03125 0.04765625
5 0.2015625 0.51875 0.034375 0.03515625
5 0.20703125 0.67734375 0.0203125 0.03125
5 0.34375 0.72890625 0.02421875 0.0328125
5 0.6078125 0.7328125 0.0171875 0.02734375
5 0.79140625 0.8828125 0.034375 0.0390625