0 0.153125 0.1015625 0.05703125 0.0828125
0 0.41484375 0.103125 0.07734375 0.08984375
0 0.65703125 0.1015625 0.06875 0.0828125
0 0.153125 0.2546875 0.04453125 0.09609375
0 0.41484375 0.2609375 0.05078125 0.09921875
0 0.67578125 0.2609375 0.075 0.115625
0 0.1390625 0.44375 0.06796875 0.134375
0 0.409375 0.44296875 0.0484375 0.10234375
0 0.671875 0.44453125 0.03984375 0.1046875
0 0.11484375 0.61640625 0.0546875 0.1046875
0 0.38359375 0.61171875 0.04609375 0.10078125
0 0.64609375 0.60859375 0.05078125 0.10078125
5 0.1546875 0.13515625 0.0375 0.02890625
5 0.4203125 0.1390625 0.0515625 0.03359375
5 0.653125 0.134375 0.0359375 0.028125
5 0.1515625 0.28984375 0.03125 0.0234375
5 0.4125 0.3015625 0.05625 0.03203125
5 0.67890625 0.3078125 0.053125 0.02890625
5 0.134375 0.49140625 0.0546875 0.028125
5 0.3953125 0.48125 0.0390625 0.0234375
5 0.66953125 0.484375 0.0484375 0.0234375
5 0.1109375 0.653125 0.06171875 0.03359375
5 0.38125 0.6546875 0.04296875 0.02890625
5 0.64296875 0.64609375 0.053125 0.0359375