9 0.41328125 0.06640625 0.2203125 0.1125
0 0.415625 0.1359375 0.02734375 0.05078125
7 0.4140625 0.1953125 0.18125 0.08828125
0 0.41796875 0.25625 0.028125 0.06484375
8 0.4109375 0.32265625 0.19296875 0.084375
0 0.4140625 0.38125 0.0359375 0.04609375
7 0.43125 0.45078125 0.29609375 0.08125
0 0.4296875 0.50625 0.025 0.05625
4 0.434375 0.61484375 0.171875 0.18515625
1 0.2875 0.61640625 0.14921875 0.0375
0 0.215625 0.68203125 0.03515625 0.128125
6 0.234375 0.86171875 0.3046875 0.259375
2 0.4859375 0.80078125 0.23828125 0.05234375
9 0.721875 0.82734375 0.21796875 0.11640625
0 0.759375 0.725 0.02890625 0.12734375
6 0.7515625 0.6078125 0.2296875 0.18203125
2 0.5796875 0.59609375 0.12890625 0.04609375
5 0.415625 0.146875 0.028125 0.03125
5 0.4171875 0.28046875 0.03125 0.02734375
5 0.41640625 0.3953125 0.028125 0.02421875
5 0.4296875 0.51953125 0.02734375 0.02734375
5 0.6234375 0.59609375 0.025 0.03984375
5 0.7578125 0.76953125 0.02265625 0.02578125
5 0.2234375 0.62109375 0.02109375 0.03203125
5 0.215625 0.7328125 0.02890625 0.02578125
5 0.59453125 0.80234375 0.021875 0.03671875