0 0.15859375 0.11171875 0.05703125 0.0859375
0 0.45 0.14296875 0.07109375 0.11640625
0 0.75625 0.15 0.06171875 0.10625
0 0.16953125 0.31328125 0.0484375 0.10078125
0 0.43828125 0.32109375 0.05078125 0.1109375
0 0.746875 0.32890625 0.0546875 0.1125
0 0.1609375 0.51015625 0.0703125 0.128125
0 0.43359375 0.51015625 0.0640625 0.128125
0 0.7671875 0.51796875 0.075 0.12578125
0 0.13359375 0.7015625 0.06875 0.1296875
0 0.4390625 0.70703125 0.0703125 0.12265625
0 0.7546875 0.7046875 0.09296875 0.12421875
5 0.16171875 0.14375 0.0484375 0.03125
5 0.45234375 0.17890625 0.0734375 0.0421875
5 0.75703125 0.1875 0.06875 0.034375
5 0.1765625 0.35078125 0.065625 0.03671875
5 0.4453125 0.3609375 0.05859375 0.040625
5 0.746875 0.36328125 0.06328125 0.04609375
5 0.1625 0.55390625 0.07578125 0.0484375
5 0.43671875 0.55546875 0.0703125 0.04453125
5 0.76796875 0.559375 0.065625 0.05625
5 0.13515625 0.74609375 0.0734375 0.04609375
5 0.43828125 0.74609375 0.0703125 0.0421875
5 0.75703125 0.74375 0.09765625 0.0546875