0 0.24140625 0.1390625 0.04609375 0.1609375
0 0.51640625 0.1515625 0.04453125 0.14921875
0 0.7875 0.1625 0.03046875 0.134375
0 0.20390625 0.3890625 0.0421875 0.14609375
0 0.4953125 0.3875 0.04609375 0.15078125
0 0.78984375 0.38828125 0.0484375 0.14296875
0 0.17734375 0.61015625 0.0421875 0.14453125
0 0.48828125 0.60078125 0.0546875 0.14609375
0 0.78828125 0.58359375 0.090625 0.1640625
0 0.15078125 0.83125 0.059375 0.12578125
0 0.4875 0.8171875 0.06640625 0.134375
0 0.803125 0.8171875 0.0484375 0.134375
5 0.23671875 0.2 0.04609375 0.03125
5 0.509375 0.2078125 0.04453125 0.034375
5 0.7859375 0.2171875 0.04140625 0.0390625
5 0.20390625 0.43984375 0.0484375 0.025
5 0.48984375 0.44609375 0.04453125 0.0359375
5 0.7859375 0.4484375 0.04609375 0.03359375
5 0.1765625 0.66875 0.04609375 0.0234375
5 0.48671875 0.6609375 0.05 0.03984375
5 0.78671875 0.64765625 0.04609375 0.02890625
5 0.14453125 0.88359375 0.0515625 0.0234375
5 0.49453125 0.8703125 0.06875 0.034375
5 0.80390625 0.8671875 0.0515625 0.03203125