0 0.190625 0.103125 0.053125 0.09296875
0 0.49765625 0.109375 0.04453125 0.09140625
0 0.775 0.109375 0.0703125 0.08125
0 0.1921875 0.27109375 0.06875 0.10625
0 0.49609375 0.26875 0.08125 0.128125
0 0.78046875 0.25703125 0.0546875 0.10078125
0 0.18828125 0.4546875 0.06171875 0.12578125
0 0.4921875 0.4421875 0.059375 0.12734375
0 0.78515625 0.43359375 0.059375 0.11953125
0 0.1828125 0.6546875 0.0546875 0.140625
0 0.50390625 0.628125 0.06171875 0.14453125
0 0.77421875 0.62265625 0.05078125 0.14609375
5 0.19296875 0.12890625 0.053125 0.0390625
5 0.49765625 0.13359375 0.0515625 0.028125
5 0.77265625 0.1375 0.0515625 0.03359375
5 0.1890625 0.30390625 0.07421875 0.03671875
5 0.49453125 0.296875 0.06015625 0.034375
5 0.7734375 0.29140625 0.06484375 0.05078125
5 0.2 0.4984375 0.05625 0.04453125
5 0.4890625 0.478125 0.0546875 0.04765625
5 0.78359375 0.47265625 0.05859375 0.05390625
5 0.18671875 0.69296875 0.0484375 0.06171875
5 0.50078125 0.67734375 0.06484375 0.05390625
5 0.77265625 0.671875 0.06015625 0.0578125