9 0.40078125 0.09609375 0.2140625 0.08125
0 0.41953125 0.16796875 0.04921875 0.065625
7 0.45234375 0.2328125 0.384375 0.08671875
0 0.4296875 0.3109375 0.04609375 0.078125
8 0.421875 0.37578125 0.1671875 0.06796875
0 0.43671875 0.4328125 0.04296875 0.0625
4 0.44296875 0.5125 0.1609375 0.10703125
0 0.44921875 0.62421875 0.0375 0.11953125
7 0.42421875 0.73046875 0.2734375 0.08984375
0 0.43046875 0.80234375 0.04453125 0.06796875
7 0.484375 0.8734375 0.3984375 0.07421875
1 0.1640625 0.87734375 0.25625 0.0296875
3 0.03671875 0.70078125 0.04609375 0.365625
2 0.2 0.51796875 0.31796875 0.02578125
2 0.603125 0.51484375 0.17109375 0.01953125
6 0.834375 0.5515625 0.2703125 0.11953125
0 0.8609375 0.625 0.04296875 0.12109375
9 0.86953125 0.73359375 0.203125 0.0953125
5 0.42109375 0.1828125 0.04921875 0.0328125
5 0.42890625 0.3328125 0.04765625 0.03125
5 0.43515625 0.4484375 0.04609375 0.028125
5 0.4484375 0.6640625 0.0359375 0.03125
5 0.43515625 0.81953125 0.053125 0.03984375
5 0.05234375 0.875 0.04296875 0.034375
5 0.0359375 0.53125 0.04453125 0.02734375
5 0.3453125 0.5140625 0.03046875 0.0296875
5 0.6734375 0.5125 0.03046875 0.02421875
5 0.8609375 0.6703125 0.06015625 0.03828125