9 0.42578125 0.1265625 0.215625 0.11171875
0 0.41796875 0.19375 0.0390625 0.04453125
7 0.42578125 0.26171875 0.25625 0.10234375
0 0.41796875 0.33515625 0.02578125 0.06328125
4 0.43828125 0.446875 0.3640625 0.17890625
0 0.45625 0.57421875 0.04140625 0.08359375
6 0.4671875 0.66953125 0.2140625 0.13203125
0 0.4625 0.765625 0.0328125 0.10078125
7 0.515625 0.85625 0.346875 0.10078125
1 0.2078125 0.85625 0.2890625 0.0484375
3 0.06484375 0.6515625 0.0546875 0.4171875
2 0.16171875 0.44765625 0.18984375 0.03203125
2 0.7078125 0.43046875 0.178125 0.04453125
9 0.878125 0.42109375 0.1625 0.11171875
5 0.4171875 0.2 0.034375 0.028125
5 0.4203125 0.34453125 0.034375 0.02578125
5 0.45625 0.6 0.0515625 0.04453125
5 0.4625 0.79765625 0.0328125 0.03203125
5 0.08046875 0.85546875 0.034375 0.0390625
5 0.06328125 0.4609375 0.0515625 0.04296875
5 0.2390625 0.44140625 0.034375 0.05234375
5 0.7859375 0.42890625 0.03046875 0.05