0 0.1828125 0.12890625 0.05703125 0.1140625
0 0.40625 0.12890625 0.05703125 0.09765625
0 0.64375 0.12734375 0.06171875 0.09453125
0 0.18125 0.315625 0.05703125 0.09609375
0 0.42109375 0.29921875 0.06171875 0.1125
0 0.64921875 0.28828125 0.05078125 0.1140625
0 0.15859375 0.48203125 0.06171875 0.12734375
0 0.396875 0.4765625 0.053125 0.1296875
0 0.61640625 0.48046875 0.0546875 0.140625
0 0.11796875 0.696875 0.0546875 0.14609375
0 0.3796875 0.68359375 0.06171875 0.14921875
0 0.59140625 0.6703125 0.06640625 0.1390625
5 0.1828125 0.17265625 0.0390625 0.0375
5 0.41328125 0.16953125 0.0359375 0.03125
5 0.653125 0.15625 0.0328125 0.034375
5 0.18046875 0.34765625 0.02578125 0.0390625
5 0.4265625 0.3328125 0.03046875 0.040625
5 0.64453125 0.32578125 0.0390625 0.0359375
5 0.14921875 0.52734375 0.04609375 0.03125
5 0.39609375 0.5234375 0.04140625 0.0453125
5 0.61171875 0.52421875 0.0359375 0.03671875
5 0.11953125 0.74921875 0.04140625 0.0421875
5 0.378125 0.7328125 0.0375 0.0359375
5 0.58984375 0.73125 0.05 0.04453125