0 0.1796875 0.13984375 0.04609375 0.0890625
0 0.509375 0.1484375 0.053125 0.0828125
0 0.78984375 0.1515625 0.053125 0.08984375
0 0.16640625 0.3484375 0.0375 0.103125
0 0.48515625 0.353125 0.05703125 0.08828125
0 0.8125 0.36015625 0.04609375 0.0796875
0 0.13359375 0.59609375 0.05546875 0.0796875
0 0.4796875 0.58359375 0.059375 0.084375
0 0.83359375 0.5890625 0.065625 0.09609375
0 0.1015625 0.859375 0.03984375 0.09296875
0 0.4765625 0.85 0.06171875 0.1140625
0 0.8546875 0.8484375 0.059375 0.09453125
5 0.178125 0.1734375 0.02890625 0.0203125
5 0.5140625 0.184375 0.03046875 0.0203125
5 0.8 0.18359375 0.02890625 0.025
5 0.1640625 0.38359375 0.0359375 0.025
5 0.484375 0.38046875 0.03984375 0.02578125
5 0.821875 0.3859375 0.0328125 0.01953125
5 0.1421875 0.625 0.05703125 0.03203125
5 0.47578125 0.61796875 0.04609375 0.02890625
5 0.83359375 0.6265625 0.04140625 0.0265625
5 0.1015625 0.88359375 0.04296875 0.03046875
5 0.4796875 0.88515625 0.0328125 0.0265625
5 0.859375 0.8859375 0.053125 0.02578125