1 0.159375 0.15234375 0.175 0.0421875
4 0.3203125 0.15078125 0.15625 0.121875
2 0.459375 0.14375 0.13671875 0.0421875
1 0.121875 0.29921875 0.1109375 0.0375
4 0.25078125 0.3015625 0.153125 0.09375
2 0.378125 0.2921875 0.11875 0.040625
1 0.1296875 0.421875 0.125 0.03515625
4 0.25703125 0.4234375 0.1375 0.09375
2 0.3859375 0.4140625 0.13359375 0.04296875
1 0.1328125 0.5546875 0.10625 0.040625
4 0.246875 0.55625 0.1296875 0.09765625
2 0.35546875 0.5484375 0.096875 0.03828125
1 0.1546875 0.67734375 0.10546875 0.0296875
4 0.24375 0.67109375 0.08671875 0.0765625
2 0.3375 0.66640625 0.109375 0.028125
1 0.16328125 0.79375 0.1078125 0.0265625
4 0.275 0.78828125 0.1203125 0.09453125
2 0.36875 0.78125 0.0828125 0.03046875
1 0.61953125 0.14296875 0.09609375 0.03828125
4 0.7375 0.14609375 0.1515625 0.09375
2 0.859375 0.13515625 0.1078125 0.03046875
1 0.571875 0.284375 0.15078125 0.03828125
4 0.696875 0.2796875 0.1078125 0.1015625
2 0.81015625 0.278125 0.12734375 0.0390625
1 0.553125 0.4046875 0.13203125 0.0375
4 0.67265625 0.40546875 0.121875 0.09140625
2 0.79140625 0.39921875 0.12890625 0.0421875
1 0.5640625 0.53984375 0.11328125 0.03203125
4 0.66015625 0.53828125 0.096875 0.090625
2 0.7625 0.5359375 0.1171875 0.03359375
1 0.5546875 0.6546875 0.103125 0.0234375
4 0.646875 0.65078125 0.09453125 0.08125
2 0.7453125 0.6453125 0.10703125 0.0234375
1 0.55234375 0.7734375 0.0921875 0.02734375
4 0.6375 0.76953125 0.09140625 0.0765625
2 0.725 0.7640625 0.09609375 0.02734375
5 0.08671875 0.15 0.04921875 0.03828125
5 0.50625 0.140625 0.0421875 0.05078125
5 0.0859375 0.30078125 0.0421875 0.03515625
5 0.415625 0.29375 0.03671875 0.03984375
5 0.090625 0.42265625 0.05 0.0359375
5 0.42890625 0.4140625 0.0421875 0.04453125
5 0.1015625 0.5546875 0.0515625 0.0421875
5 0.3875 0.5484375 0.040625 0.03671875
5 0.115625 0.67421875 0.03671875 0.03125
5 0.378125 0.67109375 0.028125 0.03125
5 0.39296875 0.78203125 0.04453125 0.04140625
5 0.11796875 0.79296875 0.02578125 0.0328125
5 0.5875 0.14375 0.059375 0.0390625
5 0.8984375 0.134375 0.03515625 0.0390625
5 0.85625 0.278125 0.05 0.04375
5 0.51328125 0.2875 0.05390625 0.0484375
5 0.50703125 0.4078125 0.03671875 0.0421875
5 0.83828125 0.39921875 0.0453125 0.04765625
5 0.80234375 0.53828125 0.05390625 0.0484375
5 0.51796875 0.5390625 0.03359375 0.03828125
5 0.51796875 0.653125 0.03125 0.0421875
5 0.78359375 0.64375 0.0296875 0.0234375
5 0.51796875 0.77265625 0.03359375 0.03359375
5 0.76015625 0.76484375 0.03671875 0.02578125