3 0.15 0.16328125 0.0609375 0.13515625
3 0.44140625 0.18828125 0.06328125 0.178125
3 0.74140625 0.1953125 0.04765625 0.178125
3 0.146875 0.35546875 0.059375 0.11640625
3 0.42734375 0.3625 0.0609375 0.13046875
3 0.74609375 0.35625 0.04921875 0.10625
3 0.13828125 0.53125 0.05390625 0.103125
3 0.43671875 0.52734375 0.06484375 0.1109375
3 0.73984375 0.5109375 0.0671875 0.10078125
3 0.12578125 0.70546875 0.04765625 0.125
3 0.42890625 0.696875 0.07265625 0.13828125
3 0.753125 0.6828125 0.07890625 0.128125
5 0.16328125 0.1234375 0.0515625 0.028125
5 0.44140625 0.11640625 0.065625 0.03046875
5 0.734375 0.1203125 0.0359375 0.025
5 0.14375 0.31953125 0.04765625 0.040625
5 0.4296875 0.3203125 0.04609375 0.03046875
5 0.7421875 0.32109375 0.04453125 0.0390625
5 0.140625 0.49453125 0.03984375 0.0375
5 0.4296875 0.48203125 0.04296875 0.034375
5 0.74375 0.47109375 0.0375 0.028125
5 0.12890625 0.6640625 0.034375 0.03046875
5 0.42578125 0.6453125 0.03125 0.0265625
5 0.73828125 0.6296875 0.04296875 0.03125