3 0.14609375 0.175 0.03671875 0.1109375
3 0.40703125 0.178125 0.028125 0.11171875
3 0.696875 0.17265625 0.03203125 0.1046875
3 0.14765625 0.35625 0.03203125 0.11171875
3 0.4171875 0.35625 0.034375 0.11328125
3 0.70390625 0.35234375 0.03203125 0.10234375
3 0.15390625 0.52734375 0.034375 0.10390625
3 0.4171875 0.52265625 0.03671875 0.09609375
3 0.69375 0.52578125 0.03828125 0.096875
3 0.15546875 0.696875 0.046875 0.10078125
3 0.41484375 0.70234375 0.02265625 0.0984375
3 0.68359375 0.70234375 0.0265625 0.10546875
5 0.15 0.13203125 0.0359375 0.03046875
5 0.41875 0.13828125 0.05 0.03515625
5 0.69453125 0.13203125 0.0375 0.028125
5 0.14765625 0.309375 0.040625 0.02734375
5 0.415625 0.3140625 0.040625 0.03671875
5 0.70390625 0.3171875 0.059375 0.03828125
5 0.15 0.48671875 0.0484375 0.03671875
5 0.415625 0.48671875 0.046875 0.03515625
5 0.6890625 0.4890625 0.0453125 0.02890625
5 0.15625 0.65859375 0.0515625 0.0265625
5 0.4078125 0.6625 0.04375 0.02109375
5 0.678125 0.66015625 0.0453125 0.03671875