4 0.1875 0.13828125 0.15234375 0.13046875
2 0.309375 0.13828125 0.1015625 0.02421875
0 0.196875 0.22890625 0.03515625 0.06640625
8 0.190625 0.278125 0.15 0.04140625
1 0.09609375 0.3859375 0.115625 0.02421875
4 0.21328125 0.38046875 0.121875 0.0953125
0 0.22578125 0.45859375 0.03359375 0.065625
8 0.2140625 0.5046875 0.15078125 0.04453125
4 0.14765625 0.6109375 0.11875 0.0984375
0 0.159375 0.678125 0.03125 0.04609375
8 0.16171875 0.715625 0.1359375 0.0375
2 0.240625 0.60625 0.0828125 0.021875
1 0.09375 0.79609375 0.08671875 0.01875
4 0.1828125 0.7921875 0.096875 0.08515625
0 0.190625 0.85859375 0.0359375 0.06328125
8 0.18203125 0.903125 0.1171875 0.0390625
4 0.471875 0.134375 0.13125 0.13828125
0 0.48125 0.22265625 0.03359375 0.05703125
8 0.4703125 0.26875 0.16328125 0.04609375
2 0.57734375 0.1328125 0.0921875 0.02890625
4 0.44609375 0.38125 0.13515625 0.10625
0 0.45859375 0.4609375 0.0296875 0.06484375
8 0.45703125 0.51015625 0.18359375 0.05078125
2 0.56796875 0.37109375 0.11328125 0.02265625
4 0.46796875 0.61171875 0.14296875 0.09140625
0 0.484375 0.67890625 0.03671875 0.05390625
8 0.478125 0.7140625 0.12578125 0.0296875
2 0.5765625 0.60703125 0.09296875 0.0265625
1 0.38203125 0.78203125 0.11953125 0.02265625
4 0.49140625 0.78203125 0.11328125 0.09375
0 0.50234375 0.853125 0.03671875 0.06328125
8 0.490625 0.9015625 0.1296875 0.0453125
4 0.771875 0.13671875 0.1578125 0.12890625
0 0.78515625 0.225 0.034375 0.07109375
2 0.89375 0.1328125 0.1 0.03046875
1 0.64921875 0.4015625 0.12265625 0.028125
4 0.77734375 0.38203125 0.1421875 0.11015625
0 0.77890625 0.47265625 0.03515625 0.07421875
4 0.875 0.59375 0.13984375 0.1109375
1 0.75703125 0.603125 0.10859375 0.028125
0 0.8703125 0.67734375 0.03984375 0.06484375
1 0.69765625 0.7828125 0.1171875 0.025
4 0.81640625 0.78359375 0.125 0.109375
0 0.828125 0.87109375 0.0375 0.075
5 0.34296875 0.13671875 0.03984375 0.03359375
5 0.1953125 0.25703125 0.04375 0.01640625
5 0.60546875 0.13515625 0.03984375 0.0296875
5 0.4796875 0.24375 0.034375 0.01796875
5 0.78984375 0.2484375 0.0296875 0.02265625
5 0.928125 0.13671875 0.040625 0.0296875
5 0.05 0.38515625 0.040625 0.025
5 0.2203125 0.48046875 0.046875 0.015625
5 0.4640625 0.48515625 0.025 0.01875
5 0.61015625 0.36875 0.0328125 0.02421875
5 0.603125 0.403125 0.03203125 0.0265625
5 0.78203125 0.49765625 0.03515625 0.02265625
5 0.26640625 0.6046875 0.0265625 0.02265625
5 0.16015625 0.696875 0.03828125 0.01953125
5 0.484375 0.69609375 0.04296875 0.025
5 0.6078125 0.6078125 0.03125 0.0296875
5 0.7125 0.60234375 0.03984375 0.025
5 0.86953125 0.6984375 0.0421875 0.01640625
5 0.8265625 0.896875 0.040625 0.025
5 0.65390625 0.78046875 0.03671875 0.034375
5 0.50390625 0.87109375 0.0421875 0.01875
5 0.0640625 0.796875 0.028125 0.02734375
5 0.19296875 0.8765625 0.0421875 0.015625
5 0.34140625 0.784375 0.04140625 0.0375