0 0.1484375 0.109375 0.06875 0.1390625
0 0.48515625 0.109375 0.04921875 0.13046875
0 0.79140625 0.12578125 0.04921875 0.1109375
0 0.16484375 0.3328125 0.078125 0.140625
0 0.50234375 0.32890625 0.07265625 0.13203125
0 0.79609375 0.32734375 0.05546875 0.140625
0 0.13046875 0.5421875 0.07109375 0.128125
0 0.48828125 0.52734375 0.0515625 0.128125
0 0.79765625 0.53203125 0.06328125 0.15390625
0 0.10859375 0.75703125 0.06484375 0.15546875
0 0.46015625 0.74765625 0.07265625 0.15078125
0 0.7984375 0.75078125 0.06171875 0.11953125
5 0.1453125 0.15703125 0.06484375 0.0234375
5 0.47734375 0.1546875 0.06015625 0.03359375
5 0.7890625 0.1578125 0.0703125 0.0265625
5 0.17578125 0.3921875 0.09296875 0.03359375
5 0.5078125 0.375 0.07578125 0.03203125
5 0.7953125 0.3796875 0.071875 0.0265625
5 0.1328125 0.59921875 0.0703125 0.034375
5 0.4875 0.57265625 0.071875 0.02890625
5 0.796875 0.58515625 0.06328125 0.03125
5 0.10859375 0.81875 0.06484375 0.02578125
5 0.4625 0.80703125 0.05625 0.03203125
5 0.78984375 0.79453125 0.04609375 0.03125