9 0.453125 0.07734375 0.22890625 0.06875
0 0.446875 0.1328125 0.034375 0.05
7 0.46484375 0.18515625 0.221875 0.0703125
0 0.453125 0.23671875 0.03671875 0.0484375
8 0.4546875 0.2796875 0.12734375 0.046875
0 0.44921875 0.31796875 0.03125 0.0515625
7 0.49140625 0.36484375 0.29453125 0.06640625
0 0.44765625 0.4171875 0.02734375 0.05234375
8 0.4421875 0.46484375 0.1796875 0.05546875
0 0.446875 0.50625 0.03515625 0.04453125
7 0.46015625 0.5484375 0.16875 0.053125
0 0.45 0.5890625 0.0328125 0.04453125
4 0.45234375 0.64609375 0.13515625 0.07890625
0 0.45234375 0.71328125 0.0296875 0.06015625
6 0.48671875 0.77578125 0.18515625 0.0796875
0 0.45078125 0.83515625 0.0296875 0.04453125
7 0.46796875 0.87578125 0.15625 0.05390625
2 0.59765625 0.8671875 0.13984375 0.0296875
3 0.66875 0.746875 0.03828125 0.23671875
1 0.5875 0.6375 0.14609375 0.025
1 0.31796875 0.64296875 0.140625 0.0296875
9 0.16640625 0.65234375 0.17109375 0.0765625
5 0.44921875 0.14765625 0.0375 0.0203125
5 0.45390625 0.25078125 0.034375 0.01875
5 0.44921875 0.3359375 0.03125 0.01640625
5 0.44921875 0.4359375 0.028125 0.01796875
5 0.44375 0.52109375 0.0328125 0.01796875
5 0.45078125 0.60625 0.028125 0.0171875
5 0.5265625 0.63671875 0.02890625 0.0265625
5 0.65859375 0.63984375 0.03515625 0.03046875
5 0.65078125 0.8640625 0.034375 0.0265625
5 0.4484375 0.846875 0.0328125 0.01640625
5 0.45 0.734375 0.02421875 0.015625
5 0.26953125 0.64609375 0.0546875 0.03125