0 0.21171875 0.1265625 0.06171875 0.109375
0 0.57265625 0.125 0.04609375 0.0796875
0 0.83828125 0.13828125 0.04453125 0.109375
0 0.18203125 0.2875 0.0546875 0.12578125
0 0.57578125 0.27734375 0.04453125 0.109375
0 0.828125 0.2859375 0.04609375 0.12265625
0 0.16328125 0.5140625 0.0484375 0.17734375
0 0.578125 0.4546875 0.03046875 0.12265625
0 0.83046875 0.45625 0.04609375 0.11953125
0 0.1515625 0.7453125 0.05078125 0.1625
0 0.5671875 0.69296875 0.03984375 0.13125
0 0.81171875 0.68671875 0.05703125 0.159375
5 0.203125 0.16484375 0.04453125 0.03359375
5 0.57109375 0.15546875 0.03046875 0.02265625
5 0.8390625 0.18515625 0.04765625 0.028125
5 0.1734375 0.33359375 0.0484375 0.0359375
5 0.5734375 0.315625 0.02578125 0.021875
5 0.825 0.33203125 0.04140625 0.03203125
5 0.16640625 0.590625 0.03984375 0.02578125
5 0.57734375 0.50546875 0.02734375 0.02578125
5 0.8328125 0.50546875 0.04296875 0.03046875
5 0.14453125 0.80703125 0.0484375 0.04296875
5 0.5671875 0.73828125 0.0328125 0.0359375
5 0.81328125 0.7453125 0.04765625 0.0421875