0 0.3546875 0.19921875 0.09375 0.21640625
4 0.36796875 0.39609375 0.275 0.2015625
0 0.3890625 0.553125 0.05 0.12265625
7 0.40234375 0.63203125 0.2078125 0.059375
0 0.40859375 0.696875 0.053125 0.090625
7 0.43828125 0.76796875 0.26015625 0.071875
1 0.2265625 0.77734375 0.1984375 0.03515625
3 0.115625 0.61640625 0.053125 0.34921875
3 0.10390625 0.4203125 0.0421875 0.0609375
2 0.16953125 0.39453125 0.140625 0.02578125
2 0.5921875 0.38203125 0.2046875 0.034375
9 0.784375 0.378125 0.2 0.0734375
4 0.76875 0.565625 0.175 0.1796875
0 0.77890625 0.6890625 0.046875 0.0859375
2 0.89140625 0.575 0.103125 0.0359375
4 0.7203125 0.14375 0.153125 0.1390625
0 0.73515625 0.25703125 0.059375 0.1015625
1 0.584375 0.14765625 0.13671875 0.02890625
5 0.35859375 0.28515625 0.0765625 0.04296875
5 0.215625 0.39921875 0.04375 0.0328125
5 0.103125 0.4046875 0.040625 0.0296875
5 0.11015625 0.46015625 0.05234375 0.0265625
5 0.1421875 0.778125 0.03125 0.0296875
5 0.390625 0.60078125 0.04375 0.025
5 0.41015625 0.7296875 0.0578125 0.03359375
5 0.67109375 0.38125 0.0421875 0.0375
5 0.7375 0.29296875 0.05 0.02734375
5 0.5375 0.15078125 0.04375 0.0296875
5 0.92109375 0.57578125 0.0359375 0.03359375
5 0.7796875 0.7171875 0.046875 0.025