0 0.19609375 0.11171875 0.0703125 0.12265625
0 0.5109375 0.12578125 0.0640625 0.1375
0 0.821875 0.12265625 0.05546875 0.11796875
0 0.18984375 0.36875 0.053125 0.14609375
0 0.48203125 0.37109375 0.06796875 0.15390625
0 0.79140625 0.37109375 0.06640625 0.14453125
0 0.16328125 0.60390625 0.06171875 0.15546875
0 0.48671875 0.61796875 0.059375 0.1375
0 0.80078125 0.615625 0.06640625 0.14921875
0 0.1515625 0.86640625 0.0640625 0.159375
0 0.4640625 0.8578125 0.059375 0.16875
0 0.8015625 0.85625 0.05546875 0.1296875
5 0.19765625 0.15234375 0.05703125 0.0421875
5 0.52265625 0.1703125 0.0671875 0.03671875
5 0.82109375 0.1703125 0.04609375 0.0453125
5 0.18359375 0.421875 0.07421875 0.04453125
5 0.47890625 0.42421875 0.03984375 0.03203125
5 0.7890625 0.42421875 0.04140625 0.040625
5 0.1609375 0.66171875 0.04609375 0.040625
5 0.4859375 0.6640625 0.065625 0.03359375
5 0.79921875 0.68359375 0.0734375 0.05078125
5 0.14609375 0.9203125 0.0546875 0.0515625
5 0.465625 0.9203125 0.06328125 0.0515625
5 0.79765625 0.8984375 0.0671875 0.0515625