4 0.22890625 0.18515625 0.18671875 0.12265625
2 0.371875 0.18203125 0.11171875 0.0296875
0 0.2453125 0.27578125 0.04765625 0.07578125
4 0.2796875 0.46171875 0.27421875 0.1546875
0 0.2828125 0.5625 0.04921875 0.065625
1 0.09140625 0.46171875 0.121875 0.034375
1 0.1015625 0.7421875 0.12890625 0.03515625
0 0.30546875 0.83125 0.0328125 0.04453125
4 0.29453125 0.746875 0.2671875 0.14375
4 0.75390625 0.75625 0.26015625 0.14375
0 0.76484375 0.86484375 0.05703125 0.1
1 0.56796875 0.7515625 0.128125 0.03828125
4 0.72265625 0.475 0.27890625 0.15703125
0 0.73828125 0.58828125 0.05 0.0765625
1 0.53515625 0.48046875 0.11875 0.02890625
4 0.65703125 0.19140625 0.2203125 0.13984375
0 0.65625 0.2890625 0.0484375 0.0828125
2 0.82421875 0.1828125 0.1390625 0.0328125
5 0.4046875 0.1796875 0.0421875 0.03046875
5 0.2421875 0.2984375 0.0484375 0.0265625
5 0.659375 0.31171875 0.0453125 0.03359375
5 0.86796875 0.18203125 0.0546875 0.03984375
5 0.04921875 0.46171875 0.046875 0.03203125
5 0.28515625 0.58359375 0.046875 0.03046875
5 0.49609375 0.48125 0.046875 0.034375
5 0.73671875 0.6125 0.046875 0.028125
5 0.06015625 0.74296875 0.046875 0.04140625
5 0.30546875 0.84296875 0.03125 0.01875
5 0.5234375 0.75390625 0.046875 0.03984375
5 0.76328125 0.89609375 0.05625 0.0375