0 0.18515625 0.1296875 0.04609375 0.08984375
0 0.509375 0.13046875 0.0546875 0.1078125
0 0.83828125 0.13828125 0.0421875 0.0890625
0 0.171875 0.32109375 0.05078125 0.1046875
0 0.5203125 0.31796875 0.05078125 0.09453125
0 0.84453125 0.31875 0.05078125 0.09609375
0 0.14765625 0.53046875 0.04609375 0.1046875
0 0.4984375 0.5171875 0.059375 0.10078125
0 0.85 0.5125 0.053125 0.09140625
0 0.14765625 0.75 0.0640625 0.10625
0 0.51953125 0.71171875 0.053125 0.09296875
0 0.8625 0.71328125 0.05078125 0.0859375
5 0.1828125 0.1484375 0.04140625 0.0390625
5 0.51640625 0.15859375 0.06015625 0.0359375
5 0.840625 0.1625 0.05 0.0453125
5 0.16171875 0.3546875 0.0484375 0.03984375
5 0.52578125 0.34765625 0.0546875 0.0453125
5 0.84296875 0.35234375 0.0515625 0.0390625
5 0.15234375 0.5609375 0.05 0.04921875
5 0.4953125 0.55 0.05 0.04453125
5 0.846875 0.5453125 0.0546875 0.04609375
5 0.146875 0.7765625 0.053125 0.0484375
5 0.5109375 0.7390625 0.04453125 0.0390625
5 0.86875 0.74296875 0.04609375 0.0375