0 0.22578125 0.16015625 0.06171875 0.1390625
0 0.471875 0.16640625 0.06875 0.12265625
0 0.6984375 0.16484375 0.053125 0.1140625
0 0.2453125 0.3703125 0.0375 0.1078125
0 0.5125 0.39609375 0.05078125 0.11953125
0 0.6984375 0.38984375 0.05703125 0.09140625
0 0.24453125 0.5765625 0.0484375 0.12265625
0 0.528125 0.578125 0.04609375 0.1125
0 0.76171875 0.5671875 0.0375 0.1296875
0 0.2375 0.77421875 0.04453125 0.11640625
0 0.5609375 0.76015625 0.0421875 0.1109375
0 0.79140625 0.7625 0.053125 0.1390625
5 0.225 0.21171875 0.04296875 0.0234375
5 0.46875 0.20859375 0.04296875 0.0265625
5 0.70390625 0.21640625 0.0484375 0.0234375
5 0.24765625 0.41015625 0.0390625 0.02578125
5 0.51640625 0.43828125 0.034375 0.03203125
5 0.70703125 0.4296875 0.04296875 0.03046875
5 0.24296875 0.628125 0.0359375 0.0234375
5 0.53359375 0.6296875 0.0359375 0.0375
5 0.759375 0.6234375 0.04296875 0.0234375
5 0.2390625 0.8203125 0.06015625 0.02265625
5 0.55859375 0.7984375 0.0390625 0.03125
5 0.78984375 0.82109375 0.03125 0.0171875