0 0.23671875 0.2765625 0.059375 0.1140625
0 0.4953125 0.275 0.07265625 0.1109375
0 0.753125 0.27421875 0.0546875 0.109375
0 0.225 0.47265625 0.06171875 0.1140625
0 0.5015625 0.4640625 0.07734375 0.1046875
0 0.75234375 0.46015625 0.0484375 0.09921875
0 0.2109375 0.671875 0.0640625 0.11640625
0 0.50546875 0.6671875 0.0703125 0.109375
0 0.76953125 0.65625 0.0484375 0.10078125
0 0.209375 0.89375 0.0265625 0.1140625
0 0.51796875 0.871875 0.04453125 0.12109375
0 0.7921875 0.8578125 0.04453125 0.115625
5 0.23359375 0.3171875 0.03984375 0.03125
5 0.49140625 0.31328125 0.034375 0.01953125
5 0.74921875 0.30859375 0.0390625 0.0359375
5 0.22734375 0.5125 0.05 0.02265625
5 0.50390625 0.50703125 0.04140625 0.0203125
5 0.7484375 0.496875 0.04609375 0.03046875
5 0.21015625 0.71953125 0.0359375 0.01328125
5 0.50625 0.7046875 0.034375 0.02578125
5 0.76953125 0.69453125 0.034375 0.0203125
5 0.2125 0.9265625 0.04453125 0.03046875
5 0.51640625 0.9140625 0.0390625 0.03125
5 0.78515625 0.903125 0.0328125 0.028125