0 0.22109375 0.19921875 0.0671875 0.1125
0 0.4734375 0.215625 0.0625 0.14140625
0 0.7390625 0.22109375 0.05703125 0.14140625
0 0.21640625 0.4078125 0.0703125 0.1171875
0 0.45546875 0.40390625 0.06796875 0.1140625
0 0.74609375 0.41328125 0.06484375 0.1375
0 0.21171875 0.58984375 0.06015625 0.121875
0 0.47265625 0.5953125 0.0546875 0.11796875
0 0.75 0.6015625 0.0734375 0.1296875
0 0.2140625 0.7828125 0.06015625 0.1546875
0 0.50078125 0.7859375 0.08046875 0.14921875
0 0.76953125 0.78203125 0.0546875 0.153125
5 0.221875 0.246875 0.034375 0.03671875
5 0.46640625 0.2578125 0.05859375 0.0265625
5 0.7390625 0.2625 0.0390625 0.02578125
5 0.21953125 0.4484375 0.04609375 0.028125
5 0.4640625 0.453125 0.04296875 0.021875
5 0.7453125 0.45859375 0.0484375 0.0390625
5 0.21796875 0.6359375 0.03984375 0.0234375
5 0.471875 0.63671875 0.04296875 0.0234375
5 0.75546875 0.6390625 0.03984375 0.02578125
5 0.21484375 0.83828125 0.0484375 0.028125
5 0.49609375 0.8421875 0.04609375 0.034375
5 0.7703125 0.8453125 0.04140625 0.03203125