3 0.15 0.1203125 0.05390625 0.140625
3 0.42578125 0.10703125 0.04453125 0.11328125
3 0.67578125 0.1 0.05703125 0.11796875
3 0.14609375 0.2859375 0.06484375 0.1265625
3 0.446875 0.28671875 0.07109375 0.1296875
3 0.67265625 0.28203125 0.06328125 0.1046875
3 0.14609375 0.46953125 0.03046875 0.13828125
3 0.446875 0.4671875 0.059375 0.11328125
3 0.6953125 0.4734375 0.0671875 0.1421875
3 0.15859375 0.6453125 0.0515625 0.1046875
3 0.4375 0.64296875 0.0671875 0.1046875
3 0.6796875 0.63125 0.06484375 0.1109375
5 0.1484375 0.0703125 0.04140625 0.034375
5 0.434375 0.06953125 0.034375 0.03203125
5 0.665625 0.065625 0.04140625 0.0390625
5 0.14453125 0.24140625 0.0515625 0.0453125
5 0.43515625 0.24921875 0.04453125 0.0453125
5 0.66953125 0.24453125 0.04296875 0.0375
5 0.14375 0.43359375 0.04453125 0.0390625
5 0.43828125 0.4390625 0.04453125 0.04765625
5 0.68203125 0.42265625 0.03984375 0.03203125
5 0.1609375 0.60859375 0.05859375 0.0484375
5 0.4421875 0.60390625 0.07578125 0.0375
5 0.66640625 0.58984375 0.0484375 0.0390625