0 0.20859375 0.2109375 0.0546875 0.109375
0 0.19609375 0.3859375 0.053125 0.11796875
0 0.16953125 0.5890625 0.06640625 0.1390625
0 0.1640625 0.8140625 0.0421875 0.14765625
0 0.503125 0.21640625 0.03125 0.11953125
0 0.4875 0.3765625 0.04453125 0.128125
0 0.48515625 0.5796875 0.0484375 0.14921875
0 0.4875 0.7890625 0.04453125 0.1578125
0 0.75078125 0.21640625 0.05546875 0.115625
0 0.746875 0.36640625 0.05078125 0.1375
0 0.76171875 0.5625 0.05078125 0.165625
0 0.771875 0.775 0.05703125 0.17265625
5 0.20703125 0.25859375 0.03046875 0.0234375
5 0.5 0.253125 0.0375 0.0234375
5 0.753125 0.2609375 0.0359375 0.02890625
5 0.1890625 0.42421875 0.0375 0.021875
5 0.48671875 0.43046875 0.0328125 0.0359375
5 0.74453125 0.4328125 0.04140625 0.03125
5 0.171875 0.65078125 0.04296875 0.02578125
5 0.4796875 0.6421875 0.04140625 0.040625
5 0.76015625 0.63359375 0.04453125 0.0390625
5 0.16484375 0.8671875 0.03984375 0.03203125
5 0.47734375 0.853125 0.034375 0.02578125
5 0.76796875 0.84140625 0.034375 0.021875