0 0.18515625 0.19765625 0.053125 0.10625
0 0.50390625 0.18828125 0.0546875 0.1296875
0 0.80859375 0.18203125 0.0640625 0.1375
0 0.171875 0.384375 0.06171875 0.14453125
0 0.47734375 0.37578125 0.059375 0.1296875
0 0.79765625 0.36796875 0.0640625 0.12421875
0 0.17890625 0.5859375 0.075 0.15546875
0 0.47890625 0.57578125 0.08828125 0.15546875
0 0.79765625 0.5734375 0.08125 0.1671875
0 0.1625 0.82265625 0.059375 0.1828125
0 0.4765625 0.80234375 0.06171875 0.1640625
0 0.7921875 0.7984375 0.08828125 0.17265625
5 0.18359375 0.2359375 0.0484375 0.0375
5 0.5046875 0.24140625 0.0484375 0.040625
5 0.80625 0.23828125 0.0703125 0.03984375
5 0.17578125 0.434375 0.04765625 0.034375
5 0.48359375 0.4234375 0.05 0.04609375
5 0.80078125 0.41171875 0.05625 0.0390625
5 0.171875 0.6375 0.05703125 0.040625
5 0.48984375 0.63359375 0.06171875 0.05703125
5 0.79453125 0.6203125 0.053125 0.0453125
5 0.16015625 0.884375 0.06484375 0.04296875
5 0.4796875 0.865625 0.06484375 0.053125
5 0.7828125 0.85625 0.0546875 0.04765625