0 0.20234375 0.2109375 0.07265625 0.13203125
0 0.45234375 0.20625 0.0421875 0.1265625
0 0.7421875 0.2140625 0.0515625 0.1234375
0 0.2109375 0.384375 0.05546875 0.11328125
0 0.459375 0.39140625 0.059375 0.11640625
0 0.73125 0.40546875 0.059375 0.13359375
0 0.19453125 0.60390625 0.05703125 0.13046875
0 0.428125 0.6078125 0.05390625 0.13359375
0 0.70625 0.61875 0.059375 0.13515625
0 0.1671875 0.82578125 0.059375 0.13515625
0 0.409375 0.82734375 0.059375 0.13203125
0 0.7234375 0.84375 0.06328125 0.13671875
5 0.20625 0.2484375 0.05703125 0.0359375
5 0.45546875 0.25234375 0.05 0.04609375
5 0.7453125 0.25546875 0.04296875 0.03046875
5 0.20859375 0.4265625 0.04140625 0.021875
5 0.45546875 0.434375 0.0328125 0.02890625
5 0.72578125 0.44296875 0.05 0.04453125
5 0.1953125 0.6515625 0.07734375 0.03984375
5 0.43359375 0.65078125 0.04140625 0.01953125
5 0.70546875 0.6546875 0.06015625 0.04296875
5 0.16171875 0.88046875 0.05703125 0.0359375
5 0.4078125 0.87890625 0.0734375 0.04453125
5 0.721875 0.884375 0.05 0.028125