0 0.1765625 0.184375 0.04453125 0.08203125
0 0.45 0.184375 0.04921875 0.078125
0 0.7265625 0.18515625 0.06484375 0.08046875
0 0.17109375 0.32734375 0.0703125 0.07421875
0 0.44765625 0.328125 0.06015625 0.08046875
0 0.71171875 0.32890625 0.05703125 0.09453125
0 0.15 0.5046875 0.06484375 0.07265625
0 0.440625 0.4890625 0.05234375 0.06875
0 0.703125 0.4890625 0.07578125 0.084375
0 0.14765625 0.6625 0.04921875 0.09375
0 0.428125 0.6390625 0.06796875 0.08984375
0 0.70390625 0.640625 0.06796875 0.10546875
5 0.1671875 0.203125 0.02421875 0.028125
5 0.446875 0.21015625 0.04140625 0.03046875
5 0.7234375 0.21171875 0.04140625 0.028125
5 0.16171875 0.346875 0.0375 0.03046875
5 0.44296875 0.35234375 0.03984375 0.02578125
5 0.709375 0.3578125 0.03984375 0.02890625
5 0.14375 0.52421875 0.03046875 0.0234375
5 0.4375 0.50859375 0.034375 0.025
5 0.703125 0.51953125 0.0359375 0.02890625
5 0.14296875 0.6890625 0.04453125 0.0265625
5 0.42578125 0.6703125 0.03984375 0.034375
5 0.68828125 0.671875 0.04609375 0.0390625