0 0.20625 0.175 0.05546875 0.1125
0 0.2109375 0.346875 0.059375 0.12265625
0 0.19609375 0.540625 0.053125 0.140625
0 0.19609375 0.77421875 0.06640625 0.15390625
0 0.4828125 0.178125 0.05703125 0.10625
0 0.4859375 0.3328125 0.07265625 0.11796875
0 0.49296875 0.53828125 0.0640625 0.140625
0 0.509375 0.75234375 0.0703125 0.14765625
0 0.79140625 0.16640625 0.06640625 0.1125
0 0.809375 0.32265625 0.08828125 0.11953125
0 0.8171875 0.54375 0.0546875 0.12109375
0 0.82734375 0.73828125 0.075 0.15234375
5 0.2125 0.22421875 0.0375 0.0265625
5 0.478125 0.215625 0.02734375 0.025
5 0.80859375 0.20625 0.0546875 0.03125
5 0.2078125 0.39453125 0.04296875 0.03203125
5 0.490625 0.37890625 0.05703125 0.025
5 0.8140625 0.375 0.04609375 0.03203125
5 0.2078125 0.5953125 0.0515625 0.03203125
5 0.50546875 0.58984375 0.05 0.0265625
5 0.8203125 0.58828125 0.05625 0.03203125
5 0.1921875 0.82421875 0.05703125 0.034375
5 0.51171875 0.81015625 0.04609375 0.034375
5 0.8265625 0.79296875 0.053125 0.034375