0 0.26015625 0.21875 0.059375 0.1109375
0 0.54375 0.23125 0.053125 0.09609375
0 0.76875 0.225 0.05703125 0.09453125
0 0.2359375 0.44140625 0.07265625 0.11953125
0 0.5328125 0.4390625 0.0796875 0.1109375
0 0.77734375 0.44296875 0.06171875 0.09921875
0 0.22265625 0.63359375 0.0640625 0.1125
0 0.53046875 0.63125 0.075 0.1015625
0 0.7984375 0.63046875 0.06796875 0.103125
0 0.221875 0.81171875 0.0703125 0.10625
0 0.5234375 0.8109375 0.0703125 0.1109375
0 0.79609375 0.81328125 0.09453125 0.109375
5 0.25546875 0.25859375 0.04609375 0.02578125
5 0.55625 0.26328125 0.03984375 0.02890625
5 0.76796875 0.27265625 0.0546875 0.03359375
5 0.2421875 0.4796875 0.05703125 0.028125
5 0.5421875 0.4828125 0.06484375 0.0375
5 0.7765625 0.4828125 0.05859375 0.03203125
5 0.2296875 0.67578125 0.053125 0.03125
5 0.546875 0.67890625 0.0734375 0.04765625
5 0.8046875 0.67734375 0.06484375 0.0390625
5 0.23046875 0.85390625 0.06875 0.0265625
5 0.540625 0.8578125 0.0859375 0.03671875
5 0.8140625 0.85546875 0.06328125 0.03046875