0 0.23359375 0.1859375 0.0640625 0.1078125
0 0.503125 0.19609375 0.059375 0.115625
0 0.825 0.203125 0.07265625 0.1421875
0 0.21640625 0.4296875 0.059375 0.16953125
0 0.484375 0.43984375 0.05703125 0.18203125
0 0.79296875 0.428125 0.05703125 0.14609375
0 0.20625 0.653125 0.08828125 0.11796875
0 0.47890625 0.640625 0.07734375 0.1296875
0 0.81171875 0.6390625 0.0859375 0.1390625
0 0.18515625 0.85859375 0.0859375 0.13125
0 0.47734375 0.8625 0.075 0.17578125
0 0.81796875 0.84765625 0.04609375 0.17890625
5 0.23203125 0.2265625 0.0515625 0.0359375
5 0.50703125 0.2359375 0.06484375 0.034375
5 0.82265625 0.2484375 0.05703125 0.05625
5 0.21875 0.49140625 0.04765625 0.0421875
5 0.4828125 0.50546875 0.065625 0.04453125
5 0.8 0.471875 0.06015625 0.0515625
5 0.20625 0.690625 0.0828125 0.06015625
5 0.48046875 0.68203125 0.06015625 0.0578125
5 0.80703125 0.68046875 0.071875 0.0421875
5 0.19453125 0.90234375 0.0671875 0.071875
5 0.478125 0.9203125 0.0734375 0.07734375
5 0.8109375 0.90625 0.0734375 0.05703125