3 0.13828125 0.08125 0.03984375 0.0546875
3 0.41328125 0.096875 0.04765625 0.08203125
3 0.690625 0.1109375 0.06328125 0.1015625
3 0.1171875 0.3078125 0.0515625 0.09296875
3 0.428125 0.29296875 0.05703125 0.1203125
3 0.70390625 0.28671875 0.05546875 0.1234375
3 0.11171875 0.54375 0.03984375 0.125
3 0.425 0.50078125 0.0515625 0.1109375
3 0.69140625 0.49375 0.05390625 0.13203125
3 0.090625 0.73984375 0.04375 0.0921875
3 0.40390625 0.721875 0.04453125 0.128125
3 0.6875 0.70859375 0.04609375 0.13359375
5 0.13828125 0.06640625 0.021875 0.02265625
5 0.409375 0.07109375 0.0359375 0.0265625
5 0.68828125 0.07734375 0.05703125 0.0359375
5 0.109375 0.27109375 0.0390625 0.03125
5 0.428125 0.24765625 0.0390625 0.0421875
5 0.6984375 0.23984375 0.0359375 0.02890625
5 0.10625 0.49453125 0.04296875 0.028125
5 0.4203125 0.4578125 0.03984375 0.0265625
5 0.69140625 0.4421875 0.05859375 0.04296875
5 0.09375 0.7078125 0.04453125 0.0359375
5 0.40703125 0.675 0.03984375 0.0421875
5 0.6859375 0.653125 0.04140625 0.02578125