0 0.18671875 0.190625 0.03984375 0.09453125
0 0.46015625 0.1953125 0.03984375 0.08125
0 0.75859375 0.203125 0.05546875 0.0890625
0 0.1609375 0.35390625 0.04609375 0.09921875
0 0.4796875 0.3515625 0.053125 0.08828125
0 0.76328125 0.33828125 0.0546875 0.10078125
0 0.15625 0.55546875 0.0546875 0.09765625
0 0.49609375 0.55078125 0.059375 0.0859375
0 0.76171875 0.52890625 0.05703125 0.09140625
0 0.165625 0.75078125 0.059375 0.1078125
0 0.51796875 0.73203125 0.0546875 0.0859375
0 0.7796875 0.7296875 0.05703125 0.1125
5 0.1796875 0.21171875 0.04765625 0.0390625
5 0.4671875 0.215625 0.0484375 0.0453125
5 0.7609375 0.2265625 0.06328125 0.0546875
5 0.1578125 0.3875 0.04609375 0.0390625
5 0.4734375 0.3765625 0.04453125 0.0515625
5 0.75859375 0.3671875 0.0546875 0.04296875
5 0.1546875 0.5796875 0.0484375 0.04296875
5 0.50078125 0.5640625 0.05 0.04453125
5 0.759375 0.559375 0.04765625 0.04609375
5 0.16953125 0.78046875 0.0515625 0.0484375
5 0.5125 0.75703125 0.053125 0.0578125
5 0.784375 0.7625 0.0546875 0.0515625