0 0.14609375 0.16328125 0.04140625 0.12890625
0 0.359375 0.16015625 0.04140625 0.121875
0 0.59375 0.1640625 0.046875 0.12578125
0 0.80390625 0.15390625 0.0453125 0.12578125
0 0.15234375 0.328125 0.040625 0.10859375
0 0.36484375 0.3171875 0.046875 0.13125
0 0.59375 0.3140625 0.0328125 0.1390625
0 0.7921875 0.3125 0.0390625 0.1375
0 0.1546875 0.521875 0.03828125 0.07265625
0 0.35625 0.51484375 0.04453125 0.0703125
0 0.5859375 0.50078125 0.03828125 0.0796875
0 0.7953125 0.4953125 0.046875 0.0796875
0 0.1515625 0.70078125 0.0375 0.07109375
0 0.3421875 0.70078125 0.03984375 0.08125
0 0.578125 0.6921875 0.04765625 0.08515625
0 0.78984375 0.68671875 0.04296875 0.10703125
5 0.146875 0.21015625 0.03125 0.02578125
5 0.35859375 0.2109375 0.03671875 0.02734375
5 0.59609375 0.2078125 0.05703125 0.034375
5 0.79921875 0.20234375 0.04765625 0.03359375
5 0.1484375 0.36015625 0.04609375 0.034375
5 0.365625 0.37109375 0.02734375 0.03671875
5 0.59375 0.36796875 0.046875 0.02421875
5 0.80078125 0.3640625 0.05546875 0.04921875
5 0.1546875 0.5390625 0.03359375 0.0234375
5 0.35859375 0.53359375 0.0328125 0.028125
5 0.584375 0.5265625 0.03671875 0.03125
5 0.79296875 0.52109375 0.040625 0.021875
5 0.1578125 0.725 0.04609375 0.0265625
5 0.3421875 0.721875 0.04296875 0.0203125
5 0.575 0.71875 0.0546875 0.0328125
5 0.79375 0.725 0.04453125 0.02421875