0 0.2015625 0.16875 0.04921875 0.16484375
0 0.478125 0.16640625 0.040625 0.1671875
0 0.72109375 0.17421875 0.03828125 0.1640625
0 0.19609375 0.365625 0.034375 0.08828125
0 0.478125 0.3671875 0.0328125 0.11640625
0 0.709375 0.3625 0.03125 0.12890625
0 0.1921875 0.54609375 0.053125 0.15625
0 0.47265625 0.53984375 0.03828125 0.1625
0 0.709375 0.5421875 0.03359375 0.15703125
0 0.19453125 0.77890625 0.0328125 0.06171875
0 0.48515625 0.76796875 0.0375 0.0734375
0 0.70546875 0.76640625 0.0421875 0.08828125
5 0.2015625 0.23203125 0.0375 0.03203125
5 0.471875 0.2359375 0.05546875 0.03046875
5 0.72109375 0.23671875 0.0421875 0.0375
5 0.19296875 0.3953125 0.03046875 0.02578125
5 0.47578125 0.41015625 0.0375 0.03125
5 0.715625 0.4140625 0.03515625 0.03515625
5 0.1984375 0.61328125 0.04375 0.03359375
5 0.47734375 0.6125 0.046875 0.02734375
5 0.7109375 0.6109375 0.0453125 0.03984375
5 0.1984375 0.80078125 0.03671875 0.02421875
5 0.48828125 0.7953125 0.0296875 0.02421875
5 0.70546875 0.8 0.0390625 0.025