0 0.13671875 0.21875 0.03984375 0.1375
0 0.41953125 0.21796875 0.04140625 0.0796875
0 0.6921875 0.2203125 0.03984375 0.175
0 0.146875 0.41484375 0.046875 0.13125
0 0.4171875 0.41328125 0.0421875 0.08828125
0 0.6890625 0.4109375 0.04140625 0.12578125
0 0.15078125 0.57421875 0.03515625 0.11875
0 0.415625 0.55859375 0.0421875 0.09140625
0 0.690625 0.571875 0.04140625 0.1203125
0 0.1546875 0.75859375 0.03984375 0.13046875
0 0.41875 0.75390625 0.0484375 0.10234375
0 0.68125 0.74140625 0.03515625 0.11328125
5 0.14140625 0.27421875 0.0484375 0.0234375
5 0.4203125 0.24140625 0.03515625 0.02578125
5 0.6984375 0.2921875 0.04921875 0.02890625
5 0.15078125 0.46640625 0.03671875 0.0265625
5 0.4234375 0.44765625 0.025 0.02578125
5 0.696875 0.465625 0.0515625 0.0265625
5 0.1484375 0.6234375 0.03203125 0.0234375
5 0.41796875 0.5953125 0.0609375 0.03203125
5 0.69296875 0.61875 0.04375 0.03125
5 0.15625 0.8109375 0.0359375 0.028125
5 0.42109375 0.79296875 0.04609375 0.02578125
5 0.68046875 0.78515625 0.04296875 0.025