0 0.1234375 0.1828125 0.04140625 0.14375
0 0.49296875 0.18203125 0.03984375 0.15234375
0 0.79921875 0.18203125 0.04921875 0.13828125
0 0.12421875 0.40234375 0.02890625 0.0671875
0 0.48671875 0.40390625 0.03046875 0.0765625
0 0.78046875 0.3953125 0.03671875 0.06796875
0 0.128125 0.590625 0.04453125 0.20625
0 0.48515625 0.5796875 0.03984375 0.1953125
0 0.76953125 0.565625 0.04140625 0.1953125
0 0.13984375 0.82578125 0.05625 0.1875
0 0.4796875 0.81640625 0.05078125 0.19296875
0 0.75703125 0.80546875 0.06015625 0.18984375
5 0.12109375 0.2390625 0.02578125 0.02578125
5 0.5 0.2390625 0.05390625 0.034375
5 0.803125 0.23125 0.06328125 0.0421875
5 0.12265625 0.42734375 0.02890625 0.01953125
5 0.48984375 0.43125 0.03125 0.0328125
5 0.78828125 0.41875 0.0390625 0.02578125
5 0.13671875 0.68125 0.06328125 0.03046875
5 0.48125 0.66328125 0.04375 0.034375
5 0.77578125 0.65078125 0.0453125 0.03125
5 0.14609375 0.9046875 0.05703125 0.040625
5 0.4765625 0.89453125 0.05859375 0.04453125
5 0.7625 0.8828125 0.06875 0.0515625