0 0.1671875 0.1859375 0.021875 0.03046875
0 0.48671875 0.1859375 0.02421875 0.0296875
0 0.76953125 0.18515625 0.02109375 0.03203125
0 0.16640625 0.32890625 0.02421875 0.03125
0 0.4828125 0.32734375 0.02578125 0.03203125
0 0.75703125 0.32734375 0.02265625 0.03203125
0 0.1640625 0.52265625 0.0171875 0.0265625
0 0.478125 0.52421875 0.02421875 0.03125
0 0.759375 0.52421875 0.02890625 0.034375
0 0.16328125 0.74453125 0.021875 0.03125
0 0.478125 0.74609375 0.02265625 0.0265625
0 0.75703125 0.74765625 0.03359375 0.03515625
5 0.16640625 0.19375 0.03046875 0.01796875
5 0.4921875 0.1953125 0.0421875 0.01796875
5 0.76953125 0.19609375 0.02734375 0.0203125
5 0.1671875 0.33359375 0.0375 0.0125
5 0.48125 0.3359375 0.0203125 0.01484375
5 0.7578125 0.33203125 0.0296875 0.01796875
5 0.16640625 0.53125 0.02421875 0.01796875
5 0.478125 0.53125 0.028125 0.02109375
5 0.765625 0.5359375 0.0375 0.01640625
5 0.153125 0.75625 0.0421875 0.015625
5 0.47890625 0.75390625 0.0296875 0.0140625
5 0.75703125 0.75703125 0.03203125 0.015625