0 0.178125 0.15234375 0.0296875 0.046875
0 0.5078125 0.16015625 0.03125 0.05
0 0.80078125 0.16484375 0.028125 0.0515625
0 0.1734375 0.36640625 0.02421875 0.040625
0 0.503125 0.37109375 0.028125 0.04140625
0 0.82421875 0.3703125 0.028125 0.040625
0 0.17265625 0.5296875 0.0328125 0.0546875
0 0.49453125 0.5375 0.0359375 0.06015625
0 0.8125 0.540625 0.028125 0.06171875
0 0.16875 0.74140625 0.02109375 0.0578125
0 0.4875 0.7421875 0.0234375 0.06015625
0 0.8 0.7484375 0.0296875 0.06328125
5 0.1765625 0.16796875 0.03125 0.01796875
5 0.5109375 0.1765625 0.03828125 0.02109375
5 0.8046875 0.17734375 0.03515625 0.021875
5 0.17578125 0.3765625 0.028125 0.0203125
5 0.5015625 0.38203125 0.01953125 0.01796875
5 0.8234375 0.3796875 0.025 0.01875
5 0.175 0.54609375 0.03203125 0.01640625
5 0.5 0.56015625 0.0421875 0.028125
5 0.8140625 0.56171875 0.03359375 0.028125
5 0.16875 0.76328125 0.028125 0.015625
5 0.48515625 0.76328125 0.0296875 0.0203125
5 0.8 0.76640625 0.03984375 0.025