2 0.221875 0.1734375 0.2328125 0.04765625
2 0.5046875 0.1734375 0.23359375 0.05
2 0.76875 0.171875 0.18515625 0.03828125
2 0.2109375 0.3828125 0.2453125 0.046875
2 0.496875 0.38046875 0.21328125 0.04453125
2 0.77421875 0.378125 0.2578125 0.04921875
2 0.2171875 0.56640625 0.2328125 0.04921875
2 0.49375 0.57109375 0.22109375 0.0453125
2 0.78515625 0.56875 0.24609375 0.040625
2 0.21796875 0.76015625 0.26875 0.04609375
2 0.51484375 0.76640625 0.2015625 0.05078125
2 0.7890625 0.76640625 0.2078125 0.0375
5 0.30234375 0.1765625 0.053125 0.04140625
5 0.58125 0.1734375 0.04453125 0.04765625
5 0.834375 0.1734375 0.0359375 0.03984375
5 0.303125 0.38515625 0.0484375 0.04140625
5 0.57421875 0.3796875 0.05 0.03984375
5 0.86875 0.38203125 0.06015625 0.046875
5 0.30546875 0.56640625 0.05546875 0.046875
5 0.5515625 0.57265625 0.053125 0.04140625
5 0.865625 0.56953125 0.04609375 0.05
5 0.29375 0.759375 0.06015625 0.046875
5 0.5625 0.7609375 0.0515625 0.05234375
5 0.87421875 0.76640625 0.04296875 0.03984375