3 0.209375 0.16796875 0.0359375 0.109375
3 0.515625 0.17421875 0.04609375 0.11953125
3 0.7859375 0.175 0.03671875 0.11796875
3 0.203125 0.3703125 0.04765625 0.103125
3 0.49921875 0.3671875 0.04375 0.10078125
3 0.77265625 0.36875 0.0515625 0.1265625
3 0.1953125 0.58671875 0.05546875 0.121875
3 0.50546875 0.57578125 0.05546875 0.11484375
3 0.77890625 0.5859375 0.04453125 0.1203125
3 0.18203125 0.78671875 0.04765625 0.11640625
3 0.509375 0.7796875 0.04765625 0.1296875
3 0.77890625 0.7734375 0.06328125 0.1109375
5 0.21328125 0.13046875 0.0484375 0.0390625
5 0.51640625 0.1390625 0.0515625 0.03984375
5 0.7828125 0.1375 0.06015625 0.04453125
5 0.19765625 0.328125 0.034375 0.02890625
5 0.5015625 0.33125 0.04609375 0.0375
5 0.771875 0.3328125 0.04453125 0.04609375
5 0.19921875 0.54140625 0.0546875 0.04453125
5 0.49609375 0.5375 0.05703125 0.053125
5 0.77890625 0.53828125 0.0390625 0.05078125
5 0.178125 0.74375 0.06484375 0.0453125
5 0.5078125 0.740625 0.034375 0.04765625
5 0.778125 0.734375 0.04296875 0.04609375