1 0.1828125 0.16015625 0.19375 0.05234375
1 0.3859375 0.16171875 0.18984375 0.05
1 0.59296875 0.15546875 0.2171875 0.046875
1 0.80703125 0.1515625 0.19453125 0.046875
1 0.20390625 0.3390625 0.1953125 0.03984375
1 0.42265625 0.3328125 0.2078125 0.04609375
1 0.653125 0.321875 0.209375 0.040625
1 0.85625 0.3109375 0.18359375 0.0359375
1 0.190625 0.48203125 0.22421875 0.05546875
1 0.446875 0.48359375 0.21953125 0.05
1 0.671875 0.47734375 0.1796875 0.0484375
1 0.8625 0.4671875 0.17421875 0.04921875
1 0.23515625 0.7015625 0.23359375 0.05
1 0.49921875 0.690625 0.21953125 0.05
1 0.72109375 0.67578125 0.1796875 0.04765625
1 0.8921875 0.66015625 0.15625 0.03984375
5 0.13125 0.15703125 0.053125 0.0375
5 0.3171875 0.159375 0.0484375 0.04765625
5 0.51328125 0.1515625 0.0515625 0.03515625
5 0.7390625 0.14765625 0.0515625 0.040625
5 0.1375 0.340625 0.06015625 0.03984375
5 0.346875 0.34140625 0.05546875 0.04140625
5 0.5796875 0.32421875 0.053125 0.03828125
5 0.79375 0.3109375 0.0484375 0.03984375
5 0.12109375 0.47890625 0.0765625 0.0453125
5 0.37734375 0.48828125 0.06015625 0.0390625
5 0.6078125 0.47890625 0.0390625 0.04140625
5 0.8078125 0.471875 0.0515625 0.03984375
5 0.159375 0.70078125 0.0859375 0.04375
5 0.42734375 0.69140625 0.05703125 0.03671875
5 0.66015625 0.67265625 0.06171875 0.05078125
5 0.83828125 0.66328125 0.040625 0.0390625