1 0.23515625 0.159375 0.1890625 0.04375
1 0.5328125 0.15546875 0.21171875 0.0390625
1 0.78671875 0.14921875 0.1828125 0.04296875
1 0.240625 0.34765625 0.20625 0.04609375
1 0.5453125 0.34609375 0.22578125 0.065625
1 0.7875 0.3453125 0.18359375 0.053125
1 0.24921875 0.52421875 0.2546875 0.06953125
1 0.528125 0.51953125 0.23515625 0.04375
1 0.79453125 0.5171875 0.22578125 0.05
1 0.26015625 0.68125 0.2453125 0.05078125
1 0.53828125 0.68125 0.240625 0.03671875
1 0.79140625 0.6765625 0.21875 0.04375
5 0.16484375 0.15703125 0.02265625 0.0359375
5 0.4609375 0.15859375 0.0359375 0.03828125
5 0.7234375 0.14453125 0.02890625 0.03515625
5 0.1609375 0.3484375 0.025 0.04609375
5 0.46328125 0.34765625 0.03515625 0.04765625
5 0.71796875 0.34140625 0.03203125 0.04375
5 0.1625 0.521875 0.0265625 0.06015625
5 0.44765625 0.521875 0.03359375 0.04296875
5 0.71171875 0.5203125 0.040625 0.04765625
5 0.16875 0.68203125 0.03046875 0.05
5 0.45 0.6828125 0.0359375 0.05234375
5 0.71484375 0.678125 0.04453125 0.053125