1 0.17734375 0.221875 0.1734375 0.03515625
1 0.42734375 0.22109375 0.16953125 0.0328125
1 0.6828125 0.21640625 0.1796875 0.03515625
1 0.18046875 0.37578125 0.178125 0.04296875
1 0.42265625 0.36796875 0.2140625 0.040625
1 0.70703125 0.3640625 0.20390625 0.03671875
1 0.1796875 0.5265625 0.17578125 0.03671875
1 0.428125 0.52265625 0.203125 0.03828125
1 0.72109375 0.51640625 0.21953125 0.0375
1 0.18984375 0.7078125 0.19921875 0.04375
1 0.434375 0.70234375 0.21171875 0.03671875
1 0.7203125 0.69296875 0.2046875 0.034375
5 0.1171875 0.22265625 0.0265625 0.0296875
5 0.3671875 0.2171875 0.0375 0.02734375
5 0.6265625 0.21328125 0.03984375 0.028125
5 0.1140625 0.36953125 0.0265625 0.02890625
5 0.35078125 0.371875 0.0296875 0.03515625
5 0.63984375 0.36171875 0.02265625 0.03203125
5 0.11640625 0.52578125 0.03203125 0.02890625
5 0.35390625 0.5234375 0.028125 0.03984375
5 0.64453125 0.5125 0.0375 0.04140625
5 0.11640625 0.7078125 0.034375 0.03515625
5 0.35390625 0.70234375 0.0390625 0.040625
5 0.65078125 0.696875 0.03359375 0.03984375