1 0.2046875 0.253125 0.24921875 0.05546875
1 0.48671875 0.24921875 0.25625 0.04453125
1 0.7640625 0.24609375 0.24765625 0.046875
1 0.21484375 0.4375 0.25234375 0.03984375
1 0.4875 0.43828125 0.2546875 0.04453125
1 0.7703125 0.43671875 0.26640625 0.046875
1 0.21640625 0.640625 0.24921875 0.04140625
1 0.49765625 0.63984375 0.26328125 0.0453125
1 0.7875 0.64140625 0.27890625 0.04609375
1 0.2109375 0.8453125 0.24765625 0.05078125
1 0.496875 0.8453125 0.25625 0.046875
1 0.79296875 0.84453125 0.2828125 0.04375
5 0.1078125 0.246875 0.03359375 0.03515625
5 0.38515625 0.24375 0.025 0.021875
5 0.6625 0.24140625 0.034375 0.02890625
5 0.11171875 0.44375 0.028125 0.028125
5 0.384375 0.43671875 0.0234375 0.028125
5 0.665625 0.4328125 0.02265625 0.03359375
5 0.11171875 0.63984375 0.0390625 0.028125
5 0.3921875 0.63515625 0.0375 0.028125
5 0.6703125 0.63515625 0.03359375 0.02734375
5 0.1078125 0.84609375 0.04453125 0.03828125
5 0.39296875 0.84140625 0.03046875 0.03671875
5 0.68125 0.8421875 0.04140625 0.03359375