1 0.21484375 0.19375 0.17109375 0.03984375
1 0.4890625 0.190625 0.16484375 0.04375
1 0.75390625 0.1875 0.20078125 0.0421875
1 0.23046875 0.33125 0.1859375 0.0375
1 0.46640625 0.33046875 0.17890625 0.03828125
1 0.746875 0.3234375 0.17421875 0.04296875
1 0.2203125 0.5 0.2015625 0.0453125
1 0.50234375 0.49140625 0.1875 0.0390625
1 0.75703125 0.49140625 0.20078125 0.04375
1 0.21953125 0.6703125 0.20625 0.04375
1 0.49375 0.66875 0.2296875 0.04453125
1 0.78125 0.66484375 0.19140625 0.05078125
5 0.16328125 0.19453125 0.0609375 0.04296875
5 0.446875 0.19140625 0.06015625 0.0421875
5 0.69765625 0.18984375 0.06484375 0.046875
5 0.165625 0.3296875 0.0484375 0.04609375
5 0.4078125 0.33359375 0.040625 0.03203125
5 0.696875 0.3234375 0.05 0.03984375
5 0.14609375 0.5 0.04296875 0.03828125
5 0.44921875 0.4921875 0.0671875 0.04765625
5 0.69453125 0.49375 0.0625 0.05703125
5 0.1578125 0.66875 0.078125 0.04921875
5 0.42109375 0.66875 0.0671875 0.04296875
5 0.72578125 0.66640625 0.071875 0.046875