1 0.246875 0.20703125 0.1640625 0.03125
1 0.4671875 0.203125 0.1828125 0.034375
1 0.73125 0.2 0.20390625 0.03359375
1 0.240625 0.36796875 0.165625 0.03046875
1 0.47734375 0.35625 0.2140625 0.03046875
1 0.753125 0.35703125 0.24296875 0.040625
1 0.23046875 0.5265625 0.17890625 0.0359375
1 0.48515625 0.51953125 0.2390625 0.03515625
1 0.75234375 0.51875 0.19765625 0.03515625
1 0.24375 0.74140625 0.20625 0.03515625
1 0.51328125 0.74296875 0.19375 0.04140625
1 0.771875 0.74296875 0.22109375 0.0453125
5 0.1796875 0.2046875 0.040625 0.03125
5 0.4 0.2 0.03359375 0.02578125
5 0.65859375 0.19453125 0.034375 0.03125
5 0.17265625 0.365625 0.0390625 0.034375
5 0.39609375 0.35625 0.025 0.01953125
5 0.67109375 0.35390625 0.0265625 0.0296875
5 0.1609375 0.5234375 0.0375 0.03515625
5 0.3921875 0.51875 0.0375 0.02890625
5 0.6828125 0.51953125 0.04765625 0.03984375
5 0.165625 0.7421875 0.034375 0.03125
5 0.44921875 0.73828125 0.03046875 0.03515625
5 0.69921875 0.74140625 0.034375 0.03359375