1 0.246875 0.21171875 0.17421875 0.034375
1 0.49609375 0.20546875 0.19921875 0.03046875
1 0.76015625 0.196875 0.2078125 0.0375
1 0.25546875 0.40625 0.19609375 0.03515625
1 0.52734375 0.403125 0.26484375 0.03203125
1 0.7953125 0.4 0.20703125 0.034375
1 0.25625 0.5578125 0.19921875 0.03671875
1 0.52578125 0.54921875 0.2421875 0.0390625
1 0.81796875 0.54765625 0.2578125 0.03671875
1 0.278125 0.6875 0.24765625 0.04140625
1 0.5578125 0.68125 0.2421875 0.03828125
1 0.81796875 0.678125 0.23828125 0.03671875
5 0.19765625 0.21171875 0.04296875 0.028125
5 0.43046875 0.20625 0.046875 0.03046875
5 0.690625 0.19375 0.0375 0.03046875
5 0.1921875 0.40703125 0.04609375 0.03515625
5 0.43125 0.403125 0.0375 0.03046875
5 0.7203125 0.396875 0.04453125 0.0375
5 0.18359375 0.5546875 0.0484375 0.02734375
5 0.43671875 0.55 0.0375 0.03203125
5 0.715625 0.54375 0.04609375 0.04921875
5 0.1875 0.68671875 0.040625 0.03203125
5 0.46796875 0.67890625 0.053125 0.04375
5 0.73125 0.68203125 0.05 0.04140625