1 0.19140625 0.15390625 0.24921875 0.04140625
1 0.52265625 0.146875 0.26875 0.03359375
1 0.82421875 0.14765625 0.2171875 0.04765625
1 0.21171875 0.384375 0.29375 0.05078125
1 0.50078125 0.384375 0.26484375 0.040625
1 0.7796875 0.3859375 0.27578125 0.05
1 0.2 0.53515625 0.2984375 0.05
1 0.5015625 0.53046875 0.2828125 0.04296875
1 0.79921875 0.52890625 0.2953125 0.04765625
1 0.2046875 0.73828125 0.26328125 0.04765625
1 0.50546875 0.7359375 0.32421875 0.04453125
1 0.815625 0.7328125 0.278125 0.04375
5 0.1140625 0.1578125 0.0625 0.03984375
5 0.4359375 0.15234375 0.03046875 0.02890625
5 0.7484375 0.1453125 0.05 0.03515625
5 0.08828125 0.3828125 0.053125 0.03359375
5 0.403125 0.3859375 0.04140625 0.03515625
5 0.67109375 0.3890625 0.07421875 0.03984375
5 0.090625 0.53671875 0.04609375 0.03203125
5 0.38671875 0.53203125 0.03203125 0.0390625
5 0.68671875 0.52890625 0.04140625 0.0421875
5 0.11875 0.73671875 0.04140625 0.034375
5 0.36953125 0.74140625 0.05546875 0.040625
5 0.7046875 0.7328125 0.04609375 0.03515625