2 0.209375 0.19453125 0.22421875 0.04296875
2 0.484375 0.1953125 0.24921875 0.046875
2 0.803125 0.18984375 0.2015625 0.04921875
2 0.20546875 0.35546875 0.190625 0.0390625
2 0.48046875 0.36640625 0.2265625 0.05234375
2 0.7984375 0.375 0.1921875 0.04609375
2 0.2109375 0.58203125 0.20625 0.04140625
2 0.47265625 0.5921875 0.22578125 0.053125
2 0.775 0.5859375 0.2046875 0.040625
2 0.2078125 0.77578125 0.23671875 0.0625
2 0.45390625 0.771875 0.21328125 0.05625
2 0.7703125 0.7796875 0.21953125 0.046875
5 0.28046875 0.19140625 0.03671875 0.03359375
5 0.571875 0.19375 0.04609375 0.03046875
5 0.87421875 0.1890625 0.0375 0.0375
5 0.278125 0.35703125 0.04296875 0.03046875
5 0.55078125 0.37265625 0.03203125 0.02734375
5 0.8703125 0.3765625 0.040625 0.04140625
5 0.28125 0.584375 0.04609375 0.0375
5 0.54453125 0.59296875 0.03359375 0.03828125
5 0.84453125 0.58515625 0.0390625 0.0375
5 0.26796875 0.775 0.05546875 0.04921875
5 0.528125 0.775 0.0390625 0.04375
5 0.840625 0.778125 0.0546875 0.04453125