1 0.2125 0.19375 0.18671875 0.040625
1 0.4921875 0.19140625 0.17421875 0.03984375
1 0.7125 0.1890625 0.14765625 0.03984375
1 0.215625 0.28515625 0.18984375 0.0375
1 0.50625 0.278125 0.2203125 0.03203125
1 0.74296875 0.27734375 0.13515625 0.034375
1 0.21953125 0.38671875 0.1953125 0.04453125
1 0.50625 0.3796875 0.20390625 0.04609375
1 0.75546875 0.38828125 0.18125 0.0375
1 0.22109375 0.5 0.2171875 0.04375
1 0.5 0.48984375 0.17421875 0.03828125
1 0.7484375 0.49375 0.1796875 0.04140625
5 0.146875 0.1953125 0.03046875 0.03515625
5 0.43046875 0.19453125 0.04453125 0.0484375
5 0.659375 0.1875 0.0296875 0.04140625
5 0.13984375 0.27890625 0.0265625 0.03671875
5 0.4328125 0.27578125 0.0234375 0.034375
5 0.69375 0.27890625 0.028125 0.03125
5 0.140625 0.3875 0.03203125 0.03046875
5 0.43359375 0.38515625 0.0390625 0.03359375
5 0.69375 0.390625 0.0390625 0.05234375
5 0.1453125 0.496875 0.025 0.03671875
5 0.43046875 0.49296875 0.03671875 0.03515625
5 0.68125 0.49453125 0.03046875 0.03359375