1 0.25703125 0.184375 0.1703125 0.046875
1 0.5125 0.178125 0.16328125 0.04453125
1 0.75625 0.175 0.16015625 0.0375
1 0.24609375 0.38046875 0.14453125 0.03203125
1 0.51484375 0.378125 0.1640625 0.03828125
1 0.75859375 0.3765625 0.1671875 0.040625
1 0.2484375 0.5640625 0.16875 0.03515625
1 0.51796875 0.5625 0.1671875 0.034375
1 0.76171875 0.5625 0.16015625 0.03515625
1 0.25 0.74765625 0.178125 0.03984375
1 0.521875 0.75 0.178125 0.03671875
1 0.765625 0.753125 0.15625 0.03828125
5 0.20234375 0.18828125 0.03359375 0.03125
5 0.46484375 0.18046875 0.0484375 0.0375
5 0.7078125 0.175 0.04453125 0.04453125
5 0.2046875 0.38125 0.03046875 0.03125
5 0.4625 0.3796875 0.0390625 0.03359375
5 0.71015625 0.37265625 0.04375 0.034375
5 0.196875 0.56484375 0.04140625 0.03203125
5 0.46796875 0.5625 0.04453125 0.03671875
5 0.7140625 0.56171875 0.0484375 0.03671875
5 0.18828125 0.74765625 0.0390625 0.0375
5 0.46796875 0.74765625 0.03203125 0.040625
5 0.71640625 0.75 0.04453125 0.03671875