1 0.18515625 0.153125 0.20078125 0.05546875
1 0.52109375 0.146875 0.22421875 0.05859375
1 0.8015625 0.1421875 0.20625 0.05859375
1 0.1828125 0.2734375 0.221875 0.06875
1 0.48828125 0.2765625 0.20859375 0.0625
1 0.82578125 0.278125 0.2296875 0.059375
1 0.19453125 0.440625 0.19765625 0.05234375
1 0.525 0.440625 0.23359375 0.05546875
1 0.85859375 0.43828125 0.1921875 0.05
1 0.18515625 0.60234375 0.19765625 0.065625
1 0.5375 0.59609375 0.259375 0.0546875
1 0.8421875 0.59375 0.259375 0.059375
5 0.13046875 0.15078125 0.0484375 0.046875
5 0.46015625 0.1453125 0.06171875 0.04765625
5 0.74765625 0.1359375 0.04609375 0.05390625
5 0.11328125 0.2765625 0.05 0.07109375
5 0.434375 0.2734375 0.0484375 0.05859375
5 0.75234375 0.2765625 0.05 0.05390625
5 0.12890625 0.43671875 0.04609375 0.04765625
5 0.45859375 0.43359375 0.04140625 0.05625
5 0.81640625 0.43671875 0.0671875 0.05
5 0.1234375 0.59609375 0.0484375 0.06328125
5 0.44765625 0.59609375 0.04609375 0.04609375
5 0.7578125 0.59453125 0.04453125 0.05625