1 0.2078125 0.18125 0.2078125 0.03125
1 0.4765625 0.17578125 0.196875 0.03984375
1 0.75234375 0.1703125 0.215625 0.03671875
1 0.19921875 0.3421875 0.22421875 0.03515625
1 0.48046875 0.3375 0.2078125 0.03828125
1 0.75234375 0.33125 0.215625 0.04296875
1 0.21171875 0.5859375 0.196875 0.04375
1 0.50390625 0.58203125 0.21171875 0.04609375
1 0.771875 0.5796875 0.196875 0.04765625
1 0.178125 0.78359375 0.1921875 0.040625
1 0.5015625 0.7796875 0.19921875 0.046875
1 0.8015625 0.78515625 0.17265625 0.03984375
5 0.13515625 0.184375 0.0359375 0.028125
5 0.4109375 0.17421875 0.05546875 0.03984375
5 0.6796875 0.17109375 0.04453125 0.03359375
5 0.12421875 0.34375 0.05859375 0.03125
5 0.4125 0.3359375 0.04140625 0.02734375
5 0.68125 0.3296875 0.04140625 0.04609375
5 0.14921875 0.5875 0.04453125 0.034375
5 0.4421875 0.5875 0.0390625 0.04296875
5 0.7109375 0.5828125 0.053125 0.03984375
5 0.125 0.78828125 0.04375 0.040625
5 0.43984375 0.78046875 0.0484375 0.03828125
5 0.740625 0.78515625 0.0375 0.0328125