1 0.26875 0.1875 0.228125 0.0375
1 0.5640625 0.18203125 0.2203125 0.0375
1 0.8265625 0.17890625 0.20859375 0.03671875
1 0.23828125 0.35546875 0.2203125 0.0421875
1 0.56796875 0.353125 0.240625 0.04609375
1 0.8265625 0.34765625 0.21015625 0.0375
1 0.23359375 0.50234375 0.21953125 0.03828125
1 0.56484375 0.4984375 0.2296875 0.03359375
1 0.84765625 0.4953125 0.21953125 0.03984375
1 0.23046875 0.646875 0.22265625 0.03671875
1 0.56328125 0.646875 0.2171875 0.0421875
1 0.8515625 0.646875 0.2265625 0.0375
5 0.18046875 0.1875 0.01796875 0.02890625
5 0.48359375 0.18046875 0.0359375 0.03515625
5 0.74921875 0.18125 0.04140625 0.03828125
5 0.1515625 0.35078125 0.034375 0.02265625
5 0.4765625 0.34453125 0.03046875 0.0375
5 0.7484375 0.34765625 0.03359375 0.03359375
5 0.153125 0.5 0.03203125 0.028125
5 0.48203125 0.49453125 0.05 0.04765625
5 0.7609375 0.49453125 0.03046875 0.040625
5 0.14140625 0.65234375 0.034375 0.03828125
5 0.4765625 0.64765625 0.05 0.04609375
5 0.76015625 0.64453125 0.0375 0.02734375