1 0.190625 0.16640625 0.2203125 0.05
1 0.478125 0.159375 0.190625 0.03359375
1 0.778125 0.1515625 0.16953125 0.04140625
1 0.19296875 0.36328125 0.21484375 0.04765625
1 0.4703125 0.3515625 0.21484375 0.0375
1 0.77265625 0.34140625 0.21484375 0.0375
1 0.20078125 0.55625 0.21875 0.05859375
1 0.50078125 0.55546875 0.19765625 0.04453125
1 0.775 0.5484375 0.21171875 0.04453125
1 0.19921875 0.76484375 0.190625 0.06171875
1 0.51796875 0.7453125 0.20078125 0.046875
1 0.790625 0.73359375 0.18984375 0.03671875
5 0.10703125 0.17421875 0.0296875 0.03671875
5 0.403125 0.16015625 0.0359375 0.0328125
5 0.721875 0.15390625 0.0390625 0.02890625
5 0.11328125 0.36015625 0.03046875 0.02578125
5 0.4 0.353125 0.025 0.03671875
5 0.71328125 0.34375 0.046875 0.02890625
5 0.13203125 0.5625 0.05703125 0.03203125
5 0.43203125 0.55234375 0.05 0.03046875
5 0.70234375 0.5484375 0.04140625 0.03359375
5 0.1328125 0.7578125 0.03359375 0.03515625
5 0.44765625 0.753125 0.04140625 0.03515625
5 0.725 0.7390625 0.0515625 0.04375