1 0.2109375 0.2046875 0.19375 0.05
1 0.51484375 0.2015625 0.22578125 0.04765625
1 0.77265625 0.19140625 0.228125 0.05234375
1 0.22265625 0.36796875 0.22265625 0.0484375
1 0.51875 0.365625 0.21953125 0.04140625
1 0.76875 0.3625 0.21328125 0.04296875
1 0.22734375 0.5359375 0.2328125 0.05390625
1 0.51640625 0.5328125 0.23359375 0.05
1 0.78671875 0.52734375 0.240625 0.053125
1 0.221875 0.7265625 0.221875 0.053125
1 0.51640625 0.73125 0.2171875 0.05
1 0.76796875 0.7296875 0.1921875 0.05234375
5 0.14609375 0.20546875 0.04609375 0.04765625
5 0.44375 0.203125 0.0375 0.03828125
5 0.70234375 0.19296875 0.0359375 0.040625
5 0.14140625 0.365625 0.053125 0.03984375
5 0.44296875 0.3640625 0.0359375 0.05
5 0.690625 0.3625 0.05546875 0.04921875
5 0.1375 0.5359375 0.04609375 0.05
5 0.434375 0.53515625 0.04375 0.04765625
5 0.6921875 0.53671875 0.04609375 0.05078125
5 0.14140625 0.72578125 0.0484375 0.05
5 0.43671875 0.72734375 0.04296875 0.05078125
5 0.6953125 0.73203125 0.05546875 0.059375