1 0.2296875 0.24140625 0.221875 0.0484375
1 0.4984375 0.23828125 0.209375 0.053125
1 0.75390625 0.234375 0.23125 0.05078125
1 0.19453125 0.3953125 0.23359375 0.05859375
1 0.46640625 0.384375 0.24609375 0.04921875
1 0.7453125 0.39296875 0.25078125 0.04921875
1 0.1828125 0.5625 0.20859375 0.03515625
1 0.48359375 0.553125 0.2328125 0.046875
1 0.7421875 0.559375 0.21796875 0.0421875
1 0.18984375 0.7046875 0.23359375 0.05234375
1 0.484375 0.69140625 0.20625 0.04296875
1 0.71875 0.66953125 0.2390625 0.04765625
5 0.1640625 0.240625 0.08203125 0.04921875
5 0.43828125 0.23515625 0.06875 0.04921875
5 0.67265625 0.22734375 0.05703125 0.040625
5 0.12265625 0.39296875 0.08359375 0.05078125
5 0.3921875 0.38203125 0.08515625 0.05
5 0.6578125 0.390625 0.05859375 0.04453125
5 0.125 0.565625 0.065625 0.046875
5 0.41640625 0.55078125 0.06796875 0.05
5 0.665625 0.5578125 0.0625 0.04140625
5 0.1140625 0.7046875 0.07421875 0.04609375
5 0.4296875 0.68984375 0.06015625 0.053125
5 0.640625 0.6640625 0.07265625 0.05390625