2 0.228125 0.21328125 0.2015625 0.0375
2 0.49296875 0.2078125 0.26875 0.03671875
2 0.78203125 0.2 0.240625 0.03828125
2 0.2375 0.396875 0.21875 0.0375
2 0.5046875 0.3875 0.26171875 0.03984375
2 0.78671875 0.384375 0.26328125 0.040625
2 0.246875 0.5625 0.23125 0.05859375
2 0.50625 0.5578125 0.26328125 0.04921875
2 0.78828125 0.5546875 0.25078125 0.04296875
2 0.253125 0.69140625 0.246875 0.05078125
2 0.5171875 0.69140625 0.2546875 0.04921875
2 0.8 0.68515625 0.265625 0.03671875
5 0.30234375 0.21015625 0.0359375 0.03125
5 0.58515625 0.20078125 0.0390625 0.03984375
5 0.88203125 0.1953125 0.03671875 0.03984375
5 0.3140625 0.39296875 0.040625 0.03828125
5 0.59296875 0.38515625 0.05390625 0.03828125
5 0.890625 0.38046875 0.04296875 0.03671875
5 0.3265625 0.5625 0.04453125 0.04375
5 0.60859375 0.55859375 0.03046875 0.04296875
5 0.884375 0.54921875 0.034375 0.03671875
5 0.3390625 0.690625 0.05546875 0.034375
5 0.60859375 0.68828125 0.0390625 0.03984375
5 0.8921875 0.68828125 0.034375 0.04140625