3 0.1640625 0.15703125 0.03828125 0.07890625
3 0.43125 0.1671875 0.04921875 0.08203125
3 0.7640625 0.1734375 0.06171875 0.09765625
3 0.17265625 0.33203125 0.04765625 0.1046875
3 0.45625 0.32421875 0.05390625 0.11171875
3 0.76171875 0.3265625 0.0515625 0.1078125
3 0.1734375 0.5546875 0.06484375 0.09921875
3 0.45625 0.5390625 0.07265625 0.128125
3 0.775 0.52734375 0.0515625 0.121875
3 0.18984375 0.7765625 0.07421875 0.121875
3 0.45546875 0.74375 0.04765625 0.13515625
3 0.7609375 0.73359375 0.05703125 0.146875
5 0.15859375 0.1375 0.05 0.02578125
5 0.43515625 0.1375 0.0328125 0.025
5 0.74921875 0.13203125 0.02734375 0.01796875
5 0.1609375 0.30078125 0.04140625 0.02265625
5 0.44609375 0.28828125 0.03125 0.03203125
5 0.75234375 0.27734375 0.0375 0.0265625
5 0.1765625 0.51875 0.04296875 0.03359375
5 0.45703125 0.4859375 0.04609375 0.04609375
5 0.76796875 0.48125 0.03984375 0.03203125
5 0.178125 0.73125 0.053125 0.04765625
5 0.4578125 0.69453125 0.0359375 0.04453125
5 0.75703125 0.6765625 0.03984375 0.040625