3 0.17265625 0.1890625 0.03046875 0.11796875
3 0.46640625 0.18125 0.04765625 0.11328125
3 0.7671875 0.1984375 0.03828125 0.128125
3 0.18046875 0.4109375 0.05 0.1265625
3 0.48515625 0.39921875 0.0515625 0.109375
3 0.771875 0.396875 0.04375 0.11640625
3 0.184375 0.62109375 0.0421875 0.13671875
3 0.48828125 0.6171875 0.05390625 0.13046875
3 0.79296875 0.61015625 0.04453125 0.140625
3 0.18046875 0.8578125 0.05703125 0.14921875
3 0.4921875 0.84609375 0.05703125 0.14375
3 0.81015625 0.8234375 0.05546875 0.13359375
5 0.17421875 0.1484375 0.02421875 0.01640625
5 0.47578125 0.14453125 0.03125 0.01953125
5 0.765625 0.14296875 0.02890625 0.01796875
5 0.17734375 0.35546875 0.03046875 0.01953125
5 0.4796875 0.353125 0.0328125 0.0203125
5 0.77265625 0.35 0.03125 0.01796875
5 0.18671875 0.5734375 0.04140625 0.03203125
5 0.4921875 0.56953125 0.0359375 0.028125
5 0.7859375 0.55859375 0.0375 0.01640625
5 0.1828125 0.7953125 0.0390625 0.02265625
5 0.49765625 0.784375 0.0375 0.02265625
5 0.80390625 0.778125 0.0515625 0.021875