1 0.18125 0.15 0.15234375 0.03984375
1 0.45 0.1390625 0.1296875 0.03515625
1 0.753125 0.12890625 0.17578125 0.0375
1 0.1734375 0.290625 0.17265625 0.034375
1 0.471875 0.284375 0.18359375 0.03359375
1 0.77109375 0.278125 0.18671875 0.03515625
1 0.16171875 0.465625 0.1515625 0.04375
1 0.45390625 0.44765625 0.18125 0.03515625
1 0.77890625 0.45078125 0.19921875 0.03515625
1 0.1734375 0.625 0.18984375 0.03203125
1 0.4765625 0.6234375 0.2046875 0.040625
1 0.7875 0.63125 0.20078125 0.04375
5 0.128125 0.15 0.0234375 0.02578125
5 0.40546875 0.1390625 0.0390625 0.03515625
5 0.69765625 0.12734375 0.03203125 0.03125
5 0.11171875 0.290625 0.028125 0.01484375
5 0.40390625 0.2796875 0.0234375 0.03359375
5 0.6953125 0.28125 0.01640625 0.02890625
5 0.1078125 0.46328125 0.021875 0.021875
5 0.390625 0.446875 0.03359375 0.03671875
5 0.70859375 0.44765625 0.02109375 0.02734375
5 0.11328125 0.62890625 0.025 0.0296875
5 0.40859375 0.61875 0.0359375 0.02578125
5 0.71875 0.62578125 0.028125 0.02734375