1 0.234375 0.15859375 0.20625 0.03828125
1 0.540625 0.14609375 0.2640625 0.04453125
1 0.79609375 0.12890625 0.1875 0.03515625
1 0.22890625 0.31796875 0.2265625 0.03828125
1 0.50078125 0.290625 0.22890625 0.05546875
1 0.77109375 0.26953125 0.21328125 0.059375
1 0.2203125 0.471875 0.21328125 0.05703125
1 0.49765625 0.45 0.24609375 0.06171875
1 0.79765625 0.41328125 0.2078125 0.05234375
1 0.22109375 0.621875 0.20859375 0.05546875
1 0.50859375 0.6015625 0.24765625 0.05234375
1 0.78828125 0.56484375 0.1890625 0.05859375
5 0.15390625 0.15859375 0.0265625 0.02421875
5 0.4328125 0.1515625 0.034375 0.03359375
5 0.72109375 0.12890625 0.0375 0.034375
5 0.14140625 0.3203125 0.034375 0.02890625
5 0.40703125 0.3015625 0.0359375 0.03984375
5 0.68828125 0.2671875 0.04453125 0.03515625
5 0.13671875 0.478125 0.046875 0.03203125
5 0.39453125 0.453125 0.04765625 0.0375
5 0.7140625 0.415625 0.04609375 0.0375
5 0.13828125 0.6203125 0.0609375 0.0375
5 0.40078125 0.60546875 0.0375 0.03046875
5 0.7109375 0.571875 0.0484375 0.03046875