1 0.2015625 0.14765625 0.15625 0.02890625
1 0.484375 0.14609375 0.17578125 0.0359375
1 0.7265625 0.14140625 0.1875 0.04453125
1 0.19296875 0.271875 0.1828125 0.03671875
1 0.46953125 0.271875 0.20078125 0.0421875
1 0.71640625 0.26953125 0.2109375 0.0453125
1 0.20390625 0.4296875 0.18828125 0.046875
1 0.4515625 0.4296875 0.21015625 0.0484375
1 0.69375 0.42890625 0.19375 0.053125
1 0.196875 0.5953125 0.1875 0.04296875
1 0.43984375 0.58828125 0.203125 0.05
1 0.675 0.584375 0.16953125 0.0484375
5 0.14140625 0.14765625 0.034375 0.028125
5 0.4359375 0.14453125 0.04765625 0.0375
5 0.66875 0.14296875 0.04140625 0.0375
5 0.1390625 0.27265625 0.0375 0.028125
5 0.39765625 0.27109375 0.05 0.03359375
5 0.63671875 0.271875 0.04140625 0.04453125
5 0.14140625 0.42890625 0.0390625 0.040625
5 0.37265625 0.42890625 0.04609375 0.02890625
5 0.6296875 0.421875 0.03046875 0.03203125
5 0.13125 0.59140625 0.04453125 0.0296875
5 0.365625 0.58515625 0.03046875 0.025
5 0.61640625 0.58203125 0.034375 0.0390625