1 0.2234375 0.1828125 0.18046875 0.04921875
1 0.48671875 0.17265625 0.21171875 0.04609375
1 0.7828125 0.1640625 0.215625 0.04765625
1 0.7953125 0.31796875 0.20703125 0.03203125
1 0.4953125 0.3265625 0.21484375 0.03828125
1 0.23046875 0.3359375 0.18046875 0.02734375
1 0.23515625 0.534375 0.1953125 0.02734375
1 0.509375 0.53125 0.2171875 0.034375
1 0.80625 0.5265625 0.21875 0.040625
1 0.27109375 0.725 0.2171875 0.04453125
1 0.53046875 0.7125 0.2171875 0.04296875
1 0.81171875 0.703125 0.20859375 0.04375
5 0.15078125 0.1859375 0.04140625 0.02890625
5 0.409375 0.18046875 0.0375 0.03203125
5 0.69921875 0.165625 0.0359375 0.02421875
5 0.15546875 0.334375 0.0265625 0.01953125
5 0.409375 0.3296875 0.0296875 0.025
5 0.71796875 0.325 0.04609375 0.03125
5 0.15390625 0.53203125 0.04296875 0.03046875
5 0.41640625 0.53046875 0.03046875 0.03671875
5 0.71640625 0.5265625 0.025 0.025
5 0.18671875 0.72890625 0.04609375 0.0375
5 0.4453125 0.7140625 0.02890625 0.03515625
5 0.71640625 0.70546875 0.03359375 0.04296875