1 0.21796875 0.109375 0.196875 0.034375
1 0.48046875 0.10234375 0.2015625 0.034375
1 0.7546875 0.09609375 0.1796875 0.0328125
1 0.209375 0.29609375 0.1921875 0.0296875
1 0.4578125 0.2859375 0.18046875 0.03515625
1 0.753125 0.275 0.203125 0.03046875
1 0.2015625 0.4515625 0.18359375 0.0375
1 0.4734375 0.4421875 0.18671875 0.04375
1 0.76484375 0.43671875 0.2265625 0.0359375
1 0.19765625 0.59140625 0.2078125 0.04765625
1 0.4578125 0.58671875 0.13046875 0.028125
1 0.75 0.578125 0.20625 0.03515625
5 0.14921875 0.10859375 0.028125 0.028125
5 0.4046875 0.1015625 0.02890625 0.02890625
5 0.69140625 0.096875 0.03359375 0.03984375
5 0.13515625 0.29765625 0.03359375 0.03671875
5 0.39765625 0.2875 0.03359375 0.03359375
5 0.68359375 0.2765625 0.02109375 0.03515625
5 0.134375 0.459375 0.04609375 0.06015625
5 0.409375 0.44296875 0.0375 0.040625
5 0.68203125 0.43671875 0.0484375 0.03828125
5 0.12265625 0.58984375 0.0390625 0.04921875
5 0.42265625 0.5875 0.040625 0.03125
5 0.67265625 0.58046875 0.02890625 0.040625