1 0.2171875 0.18203125 0.31484375 0.04375
1 0.54609375 0.17734375 0.27734375 0.0421875
1 0.83046875 0.16796875 0.19375 0.0359375
1 0.1828125 0.3703125 0.24609375 0.03359375
1 0.51875 0.3640625 0.2921875 0.03984375
1 0.80625 0.35390625 0.22265625 0.03828125
1 0.178125 0.5546875 0.24765625 0.040625
1 0.49453125 0.54453125 0.32734375 0.04375
1 0.8015625 0.53515625 0.25078125 0.03984375
1 0.15703125 0.7375 0.25078125 0.04140625
1 0.4734375 0.73046875 0.3234375 0.0484375
1 0.790625 0.725 0.27578125 0.04765625
5 0.09375 0.17890625 0.03046875 0.02578125
5 0.4296875 0.16953125 0.03671875 0.0234375
5 0.75546875 0.1671875 0.02890625 0.03125
5 0.08984375 0.38046875 0.0265625 0.01953125
5 0.3984375 0.3671875 0.03203125 0.02734375
5 0.71796875 0.3515625 0.0265625 0.02265625
5 0.075 0.55625 0.0296875 0.021875
5 0.3609375 0.54296875 0.03359375 0.03046875
5 0.70078125 0.53515625 0.025 0.03515625
5 0.06484375 0.73984375 0.03046875 0.03203125
5 0.3421875 0.72578125 0.0234375 0.02734375
5 0.6921875 0.72109375 0.03046875 0.02421875