1 0.146875 0.11640625 0.20078125 0.05859375
1 0.46328125 0.1109375 0.20625 0.0375
1 0.8125 0.1015625 0.19765625 0.046875
1 0.1625 0.31484375 0.20625 0.0421875
1 0.5078125 0.31328125 0.1703125 0.03984375
1 0.84375 0.31640625 0.19453125 0.05
1 0.1578125 0.54140625 0.19375 0.03828125
1 0.5296875 0.534375 0.215625 0.04296875
1 0.84296875 0.52734375 0.2015625 0.046875
1 0.16484375 0.75859375 0.21875 0.05078125
1 0.56796875 0.7453125 0.18125 0.03828125
1 0.884375 0.74375 0.18828125 0.04296875
5 0.08359375 0.11953125 0.034375 0.028125
5 0.4 0.11171875 0.03046875 0.03046875
5 0.74609375 0.09765625 0.0375 0.02578125
5 0.0953125 0.31796875 0.03671875 0.05078125
5 0.44765625 0.31015625 0.025 0.0453125
5 0.778125 0.31640625 0.0484375 0.0453125
5 0.0890625 0.54140625 0.03203125 0.0375
5 0.4671875 0.53203125 0.03359375 0.034375
5 0.79296875 0.53046875 0.03046875 0.03046875
5 0.0875 0.7625 0.04296875 0.03828125
5 0.50859375 0.74375 0.0390625 0.03359375
5 0.81875 0.74765625 0.03203125 0.05