2 0.178125 0.1078125 0.18515625 0.040625
2 0.4609375 0.11875 0.1796875 0.04609375
2 0.7515625 0.1265625 0.19375 0.04921875
2 0.16484375 0.290625 0.14765625 0.03828125
2 0.41875 0.29296875 0.15703125 0.03203125
2 0.7109375 0.30625 0.16875 0.03359375
2 0.14765625 0.47734375 0.1140625 0.0328125
2 0.415625 0.48046875 0.16015625 0.03203125
2 0.678125 0.484375 0.15859375 0.03046875
2 0.14921875 0.70703125 0.18671875 0.04375
2 0.39609375 0.69921875 0.15859375 0.03203125
2 0.6703125 0.69765625 0.18125 0.04609375
5 0.23359375 0.10859375 0.03203125 0.021875
5 0.50625 0.1203125 0.040625 0.03515625
5 0.8078125 0.1296875 0.04453125 0.02890625
5 0.209375 0.2921875 0.0359375 0.03125
5 0.4765625 0.29453125 0.04140625 0.0375
5 0.77734375 0.30625 0.0390625 0.028125
5 0.1921875 0.475 0.04375 0.03125
5 0.4578125 0.48203125 0.0296875 0.02890625
5 0.74296875 0.48515625 0.03359375 0.046875
5 0.21015625 0.7046875 0.0484375 0.025
5 0.44375 0.69921875 0.0296875 0.02578125
5 0.71796875 0.696875 0.03046875 0.025