3 0.209375 0.2359375 0.0609375 0.165625
3 0.51796875 0.23828125 0.05546875 0.1234375
3 0.7796875 0.2359375 0.059375 0.11953125
3 0.215625 0.428125 0.078125 0.15546875
3 0.4859375 0.4234375 0.053125 0.13515625
3 0.76171875 0.41953125 0.05 0.11796875
3 0.18046875 0.628125 0.04609375 0.1390625
3 0.48828125 0.634375 0.05390625 0.125
3 0.7578125 0.621875 0.06484375 0.15546875
3 0.1609375 0.803125 0.0609375 0.146875
3 0.48515625 0.81171875 0.03984375 0.15234375
3 0.778125 0.8109375 0.06328125 0.1390625
5 0.2015625 0.175 0.04453125 0.0359375
5 0.5078125 0.184375 0.04609375 0.034375
5 0.78203125 0.18515625 0.05 0.0265625
5 0.18828125 0.37109375 0.05859375 0.02890625
5 0.49140625 0.37109375 0.0375 0.03359375
5 0.75234375 0.375 0.04296875 0.03046875
5 0.1828125 0.578125 0.05625 0.03125
5 0.49375 0.58515625 0.05625 0.03046875
5 0.74296875 0.55390625 0.04453125 0.0359375
5 0.16328125 0.74765625 0.07421875 0.0375
5 0.48515625 0.7625 0.0359375 0.03125
5 0.75390625 0.75546875 0.0515625 0.03671875