1 0.209375 0.1375 0.2046875 0.03203125
1 0.49609375 0.1328125 0.1875 0.03828125
1 0.78359375 0.12890625 0.19765625 0.04375
1 0.203125 0.296875 0.22890625 0.046875
1 0.48359375 0.30546875 0.1796875 0.0484375
1 0.78515625 0.30234375 0.20078125 0.046875
1 0.18046875 0.4921875 0.228125 0.05859375
1 0.49921875 0.49453125 0.2203125 0.04453125
1 0.76171875 0.4984375 0.18125 0.04609375
1 0.14765625 0.71015625 0.18828125 0.05625
1 0.4546875 0.7203125 0.22265625 0.05078125
1 0.7671875 0.725 0.18359375 0.03828125
5 0.15703125 0.146875 0.0484375 0.03046875
5 0.45234375 0.134375 0.05390625 0.034375
5 0.73046875 0.13046875 0.07109375 0.03671875
5 0.1203125 0.303125 0.04453125 0.034375
5 0.4296875 0.30234375 0.06015625 0.04609375
5 0.7328125 0.30546875 0.0609375 0.04453125
5 0.11328125 0.4875 0.0671875 0.046875
5 0.42890625 0.4953125 0.06015625 0.03515625
5 0.71015625 0.496875 0.065625 0.040625
5 0.09765625 0.709375 0.0640625 0.05078125
5 0.403125 0.72421875 0.07265625 0.05078125
5 0.7203125 0.7296875 0.08125 0.04609375