1 0.175 0.13203125 0.20078125 0.05234375
1 0.496875 0.11484375 0.18984375 0.0453125
1 0.76953125 0.10703125 0.21484375 0.03515625
1 0.17890625 0.30703125 0.2078125 0.03515625
1 0.5078125 0.29609375 0.18046875 0.03828125
1 0.778125 0.278125 0.20078125 0.0375
1 0.18515625 0.51875 0.23515625 0.03984375
1 0.528125 0.49375 0.21875 0.04140625
1 0.79921875 0.47890625 0.22265625 0.03515625
1 0.17109375 0.72109375 0.228125 0.046875
1 0.5421875 0.6921875 0.23515625 0.04609375
1 0.809375 0.68125 0.21875 0.04765625
5 0.10625 0.134375 0.03046875 0.028125
5 0.43125 0.1125 0.02109375 0.01953125
5 0.69453125 0.1109375 0.0296875 0.03359375
5 0.1015625 0.30703125 0.0296875 0.025
5 0.44140625 0.29140625 0.03203125 0.0296875
5 0.71171875 0.2765625 0.0390625 0.03359375
5 0.0984375 0.521875 0.0375 0.03203125
5 0.453125 0.49765625 0.04140625 0.0375
5 0.71171875 0.478125 0.04140625 0.021875
5 0.0859375 0.7203125 0.040625 0.03359375
5 0.45625 0.68828125 0.034375 0.034375
5 0.71796875 0.68203125 0.03046875 0.04140625