1 0.20703125 0.1515625 0.18671875 0.02890625
1 0.49140625 0.1390625 0.19765625 0.02890625
1 0.82890625 0.11953125 0.19375 0.03046875
1 0.1890625 0.34453125 0.17578125 0.03359375
1 0.48046875 0.3328125 0.21875 0.03125
1 0.83828125 0.3203125 0.23125 0.034375
1 0.2 0.60390625 0.23671875 0.03671875
1 0.49453125 0.5953125 0.2015625 0.03125
1 0.85703125 0.584375 0.21328125 0.03515625
1 0.22109375 0.83671875 0.21171875 0.0390625
1 0.55234375 0.8375 0.22265625 0.04453125
1 0.87265625 0.83046875 0.19453125 0.0515625
5 0.1453125 0.15234375 0.03671875 0.03203125
5 0.415625 0.1421875 0.03046875 0.02890625
5 0.76171875 0.12109375 0.0375 0.028125
5 0.128125 0.3484375 0.028125 0.01875
5 0.41171875 0.33671875 0.0375 0.02265625
5 0.75 0.32421875 0.034375 0.03046875
5 0.121875 0.60390625 0.03046875 0.03125
5 0.4265625 0.59765625 0.03046875 0.03671875
5 0.796875 0.58359375 0.046875 0.03359375
5 0.15390625 0.83671875 0.03671875 0.03203125
5 0.4875 0.83984375 0.05546875 0.04609375
5 0.81484375 0.83515625 0.053125 0.04375