1 0.19609375 0.14375 0.22265625 0.04140625
1 0.5 0.1390625 0.190625 0.03984375
1 0.7671875 0.125 0.2203125 0.02890625
1 0.196875 0.35625 0.2265625 0.04140625
1 0.49921875 0.3546875 0.23203125 0.04140625
1 0.74921875 0.3453125 0.2296875 0.03671875
1 0.19921875 0.55 0.2296875 0.04140625
1 0.496875 0.55 0.24765625 0.03671875
1 0.77890625 0.546875 0.21328125 0.0375
1 0.196875 0.75078125 0.23359375 0.03984375
1 0.49296875 0.746875 0.26328125 0.04453125
1 0.803125 0.74609375 0.25625 0.040625
5 0.12265625 0.14765625 0.03046875 0.028125
5 0.43515625 0.1359375 0.0296875 0.02890625
5 0.68359375 0.13203125 0.05390625 0.03046875
5 0.1203125 0.35390625 0.046875 0.02421875
5 0.4203125 0.3546875 0.0375 0.02890625
5 0.67421875 0.34296875 0.0390625 0.025
5 0.121875 0.55078125 0.0390625 0.02265625
5 0.41328125 0.553125 0.0484375 0.03984375
5 0.70078125 0.54609375 0.05 0.03125
5 0.11015625 0.7515625 0.0390625 0.03984375
5 0.40859375 0.75 0.04765625 0.04296875
5 0.715625 0.75078125 0.0546875 0.0390625