1 0.18046875 0.1234375 0.24609375 0.05546875
1 0.5078125 0.11875 0.259375 0.05859375
1 0.7953125 0.1203125 0.2125 0.040625
1 0.16328125 0.29765625 0.22109375 0.03515625
1 0.49140625 0.29296875 0.23203125 0.0359375
1 0.79140625 0.30078125 0.23125 0.04296875
1 0.18203125 0.50703125 0.23125 0.03828125
1 0.46171875 0.4921875 0.2359375 0.04140625
1 0.7921875 0.48671875 0.2484375 0.0484375
1 0.18828125 0.7015625 0.21640625 0.0453125
1 0.4453125 0.68984375 0.2390625 0.0375
1 0.78125 0.6875 0.22421875 0.04765625
5 0.08515625 0.1296875 0.0390625 0.03984375
5 0.41328125 0.1203125 0.03203125 0.03515625
5 0.70546875 0.11953125 0.0375 0.04140625
5 0.06796875 0.29765625 0.03203125 0.03125
5 0.41015625 0.29140625 0.03203125 0.028125
5 0.69921875 0.30078125 0.03046875 0.03984375
5 0.09296875 0.5109375 0.034375 0.02890625
5 0.36484375 0.49375 0.028125 0.03828125
5 0.70703125 0.48359375 0.03203125 0.04296875
5 0.103125 0.69921875 0.0390625 0.04296875
5 0.353125 0.68984375 0.03203125 0.03359375
5 0.69375 0.68828125 0.03359375 0.034375