1 0.28203125 0.24140625 0.2140625 0.03515625
1 0.53671875 0.2421875 0.2171875 0.040625
1 0.78671875 0.23828125 0.18515625 0.04296875
1 0.25078125 0.421875 0.17421875 0.03984375
1 0.4828125 0.4171875 0.18359375 0.03984375
1 0.75546875 0.415625 0.19375 0.0375
1 0.2609375 0.575 0.2015625 0.03203125
1 0.53125 0.571875 0.19765625 0.03984375
1 0.78359375 0.57265625 0.17578125 0.04140625
1 0.234375 0.76328125 0.1828125 0.0375
1 0.49375 0.76015625 0.21171875 0.03984375
1 0.79296875 0.76171875 0.190625 0.04296875
5 0.2046875 0.23671875 0.02890625 0.03671875
5 0.45703125 0.2375 0.03046875 0.03203125
5 0.72265625 0.23203125 0.03203125 0.0359375
5 0.18984375 0.41796875 0.03046875 0.03046875
5 0.4171875 0.41953125 0.03203125 0.040625
5 0.68984375 0.41015625 0.04453125 0.03359375
5 0.1796875 0.57421875 0.03203125 0.03046875
5 0.45703125 0.571875 0.03359375 0.03046875
5 0.71484375 0.5703125 0.04453125 0.03125
5 0.171875 0.76171875 0.03046875 0.0375
5 0.421875 0.76171875 0.03515625 0.034375
5 0.72890625 0.76171875 0.0390625 0.0375