1 0.1671875 0.14375 0.14921875 0.04375
1 0.4765625 0.13828125 0.1515625 0.04296875
1 0.72890625 0.1359375 0.165625 0.0375
1 0.2 0.27421875 0.20625 0.0390625
1 0.47578125 0.271875 0.20078125 0.04296875
1 0.7515625 0.26875 0.23984375 0.03515625
1 0.19609375 0.37578125 0.17578125 0.04765625
1 0.45859375 0.3734375 0.1796875 0.03515625
1 0.703125 0.3703125 0.16953125 0.046875
1 0.215625 0.4765625 0.22265625 0.0375
1 0.46484375 0.475 0.20078125 0.03515625
1 0.71171875 0.471875 0.1875 0.0375
5 0.11953125 0.15 0.02890625 0.02421875
5 0.42265625 0.140625 0.0390625 0.04296875
5 0.67265625 0.134375 0.025 0.03828125
5 0.13046875 0.27421875 0.0265625 0.0375
5 0.4046875 0.27265625 0.03515625 0.03515625
5 0.6640625 0.26796875 0.04296875 0.040625
5 0.128125 0.3765625 0.03046875 0.04609375
5 0.39921875 0.37578125 0.0375 0.046875
5 0.65625 0.37265625 0.04140625 0.034375
5 0.13125 0.47890625 0.03046875 0.04921875
5 0.396875 0.47421875 0.040625 0.03984375
5 0.64765625 0.4703125 0.03671875 0.03515625