1 0.225 0.20625 0.228125 0.028125
1 0.56484375 0.20390625 0.20390625 0.02265625
1 0.78671875 0.2015625 0.19765625 0.03671875
1 0.215625 0.325 0.20859375 0.02890625
1 0.54375 0.396875 0.21171875 0.04453125
1 0.79609375 0.3890625 0.23125 0.04140625
1 0.228125 0.5671875 0.2171875 0.04296875
1 0.5359375 0.56328125 0.22578125 0.04609375
1 0.7671875 0.5609375 0.20859375 0.04609375
1 0.2265625 0.75859375 0.25078125 0.05078125
1 0.49921875 0.759375 0.215625 0.03984375
1 0.75234375 0.759375 0.215625 0.03828125
5 0.14453125 0.21328125 0.040625 0.02734375
5 0.49296875 0.20234375 0.03984375 0.028125
5 0.728125 0.19921875 0.05390625 0.0375
5 0.1328125 0.328125 0.03046875 0.02265625
5 0.46015625 0.39375 0.0390625 0.03359375
5 0.71015625 0.39375 0.04375 0.02890625
5 0.15703125 0.5703125 0.05390625 0.0375
5 0.45 0.5671875 0.05859375 0.03984375
5 0.69296875 0.5609375 0.03984375 0.0375
5 0.13515625 0.759375 0.05703125 0.03828125
5 0.4140625 0.76328125 0.046875 0.046875
5 0.66484375 0.7625 0.046875 0.03125