1 0.21484375 0.1859375 0.15703125 0.040625
1 0.45859375 0.17578125 0.1296875 0.03359375
1 0.74609375 0.16640625 0.1390625 0.03515625
1 0.26328125 0.3046875 0.15703125 0.034375
1 0.478125 0.3 0.12109375 0.02890625
1 0.73125 0.290625 0.1515625 0.03984375
1 0.3046875 0.434375 0.15625 0.04296875
1 0.52734375 0.42265625 0.153125 0.0375
1 0.76640625 0.41796875 0.13203125 0.0390625
1 0.3203125 0.521875 0.17578125 0.03046875
1 0.53359375 0.5140625 0.13515625 0.0375
1 0.7515625 0.50625 0.13125 0.034375
5 0.18203125 0.18125 0.034375 0.021875
5 0.421875 0.1796875 0.0234375 0.03125
5 0.7109375 0.16796875 0.03203125 0.0375
5 0.23046875 0.30703125 0.028125 0.0234375
5 0.44375 0.29765625 0.0234375 0.021875
5 0.69609375 0.28984375 0.040625 0.03125
5 0.2578125 0.43828125 0.03359375 0.025
5 0.4953125 0.41953125 0.034375 0.028125
5 0.7359375 0.4109375 0.03046875 0.02890625
5 0.27109375 0.52578125 0.03203125 0.02890625
5 0.49921875 0.51171875 0.0359375 0.034375
5 0.72421875 0.50625 0.034375 0.028125