1 0.21328125 0.1921875 0.215625 0.046875
1 0.52265625 0.17734375 0.21015625 0.0453125
1 0.82109375 0.17578125 0.21953125 0.04609375
1 0.21796875 0.3953125 0.203125 0.046875
1 0.5203125 0.3921875 0.22578125 0.040625
1 0.81875 0.38828125 0.21953125 0.0375
1 0.1984375 0.653125 0.22578125 0.03828125
1 0.50625 0.65 0.23125 0.03828125
1 0.82578125 0.6421875 0.240625 0.04296875
1 0.203125 0.834375 0.22578125 0.03203125
1 0.54140625 0.8375 0.20859375 0.04296875
1 0.85 0.840625 0.19921875 0.03125
5 0.13671875 0.19453125 0.04140625 0.03515625
5 0.45234375 0.1734375 0.0375 0.02734375
5 0.74296875 0.17421875 0.04453125 0.03203125
5 0.146875 0.4015625 0.04140625 0.02734375
5 0.4421875 0.3921875 0.0375 0.03125
5 0.74609375 0.390625 0.0375 0.02734375
5 0.1265625 0.65546875 0.0484375 0.03828125
5 0.4234375 0.65 0.0484375 0.028125
5 0.74609375 0.640625 0.0515625 0.03984375
5 0.11640625 0.83203125 0.0375 0.025
5 0.46875 0.8375 0.03203125 0.04140625
5 0.77421875 0.84296875 0.04296875 0.0375