3 0.16015625 0.134375 0.07109375 0.1078125
3 0.40703125 0.140625 0.04375 0.1234375
3 0.653125 0.146875 0.06328125 0.1109375
3 0.159375 0.30546875 0.04609375 0.11796875
3 0.40234375 0.3203125 0.09921875 0.1265625
3 0.603125 0.3109375 0.03828125 0.1109375
3 0.1546875 0.46953125 0.03984375 0.09453125
3 0.39296875 0.46953125 0.06484375 0.09765625
3 0.5859375 0.459375 0.04921875 0.0828125
3 0.16328125 0.596875 0.05703125 0.0875
3 0.4 0.5921875 0.03828125 0.07890625
3 0.584375 0.5953125 0.0515625 0.09921875
5 0.16640625 0.1109375 0.06875 0.034375
5 0.42109375 0.109375 0.05625 0.04296875
5 0.63984375 0.10703125 0.08203125 0.0515625
5 0.1578125 0.2765625 0.06875 0.03125
5 0.39765625 0.27890625 0.04140625 0.02890625
5 0.60390625 0.27421875 0.04453125 0.03125
5 0.1578125 0.43984375 0.06015625 0.03671875
5 0.3875 0.4390625 0.05 0.03671875
5 0.58359375 0.4328125 0.06328125 0.04453125
5 0.17265625 0.57421875 0.053125 0.03984375
5 0.39765625 0.565625 0.0359375 0.0203125
5 0.5859375 0.56171875 0.02890625 0.0171875