1 0.240625 0.228125 0.21171875 0.04453125
1 0.509375 0.228125 0.20625 0.03359375
1 0.75625 0.225 0.17421875 0.03359375
1 0.2359375 0.3328125 0.203125 0.03515625
1 0.5109375 0.33828125 0.178125 0.03359375
1 0.7546875 0.33671875 0.1671875 0.03203125
1 0.2390625 0.44765625 0.19453125 0.03125
1 0.51953125 0.4484375 0.1828125 0.02890625
1 0.75625 0.44453125 0.16015625 0.03359375
1 0.2515625 0.56015625 0.1921875 0.03671875
1 0.53125 0.5609375 0.2078125 0.03984375
1 0.7515625 0.5578125 0.16953125 0.03359375
5 0.153125 0.23203125 0.0265625 0.02734375
5 0.44921875 0.225 0.03046875 0.02890625
5 0.7046875 0.22421875 0.0375 0.02734375
5 0.1625 0.33828125 0.040625 0.0234375
5 0.44375 0.334375 0.0296875 0.04453125
5 0.69765625 0.33359375 0.04609375 0.02578125
5 0.16796875 0.44375 0.034375 0.03046875
5 0.453125 0.44375 0.03046875 0.03203125
5 0.6984375 0.44296875 0.04609375 0.01953125
5 0.1734375 0.55546875 0.03203125 0.025
5 0.44765625 0.55859375 0.03359375 0.03125
5 0.69296875 0.55625 0.03203125 0.02890625