1 0.24453125 0.196875 0.21484375 0.03828125
1 0.52265625 0.18984375 0.2296875 0.0328125
1 0.7609375 0.184375 0.1921875 0.0375
1 0.23671875 0.4296875 0.21875 0.04296875
1 0.54375 0.42421875 0.21953125 0.04296875
1 0.77578125 0.4203125 0.18828125 0.03671875
1 0.24140625 0.65 0.24375 0.03984375
1 0.5484375 0.6421875 0.22265625 0.040625
1 0.7921875 0.6328125 0.18046875 0.034375
1 0.23984375 0.8453125 0.24375 0.04921875
1 0.56015625 0.8359375 0.240625 0.04453125
1 0.803125 0.834375 0.18671875 0.03359375
5 0.17109375 0.196875 0.04609375 0.03515625
5 0.440625 0.19140625 0.04140625 0.040625
5 0.69765625 0.18125 0.04453125 0.03046875
5 0.15625 0.4328125 0.0390625 0.03359375
5 0.46015625 0.42265625 0.0390625 0.03359375
5 0.715625 0.41640625 0.03203125 0.03671875
5 0.15078125 0.64921875 0.025 0.03515625
5 0.471875 0.64140625 0.0375 0.03984375
5 0.7265625 0.63515625 0.04609375 0.03125
5 0.146875 0.84140625 0.04453125 0.04140625
5 0.47734375 0.83515625 0.04296875 0.046875
5 0.7390625 0.8328125 0.04609375 0.04765625