1 0.23515625 0.140625 0.23671875 0.02890625
1 0.52109375 0.1296875 0.21015625 0.03203125
1 0.78203125 0.125 0.21171875 0.03515625
1 0.21015625 0.28984375 0.2171875 0.0328125
1 0.5109375 0.2859375 0.20625 0.03203125
1 0.77421875 0.27890625 0.21171875 0.03359375
1 0.21640625 0.47890625 0.2421875 0.03984375
1 0.540625 0.4734375 0.221875 0.03046875
1 0.7921875 0.471875 0.22265625 0.034375
1 0.22265625 0.671875 0.25390625 0.040625
1 0.51953125 0.6671875 0.17734375 0.0375
1 0.796875 0.665625 0.2015625 0.03671875
5 0.1359375 0.140625 0.03203125 0.02265625
5 0.4359375 0.128125 0.03046875 0.03046875
5 0.69453125 0.128125 0.03203125 0.025
5 0.128125 0.29296875 0.05 0.03203125
5 0.43359375 0.284375 0.03046875 0.028125
5 0.6875 0.275 0.04296875 0.028125
5 0.121875 0.4765625 0.0375 0.03515625
5 0.45546875 0.475 0.03046875 0.03125
5 0.70859375 0.4734375 0.04609375 0.02734375
5 0.1203125 0.67109375 0.03359375 0.034375
5 0.45625 0.66875 0.0375 0.03828125
5 0.725 0.66484375 0.03203125 0.03203125