1 0.2390625 0.2234375 0.19375 0.03515625
1 0.515625 0.21328125 0.16328125 0.0328125
1 0.7859375 0.209375 0.1875 0.0359375
1 0.23984375 0.36171875 0.18359375 0.03359375
1 0.50625 0.35859375 0.18359375 0.0359375
1 0.778125 0.35625 0.190625 0.034375
1 0.2484375 0.5265625 0.20078125 0.03984375
1 0.5171875 0.51953125 0.20546875 0.0390625
1 0.78046875 0.51875 0.22109375 0.0359375
1 0.25390625 0.6953125 0.2109375 0.0375
1 0.528125 0.69140625 0.2234375 0.03671875
1 0.803125 0.6875 0.2171875 0.03671875
5 0.1640625 0.21875 0.03203125 0.021875
5 0.4640625 0.21328125 0.03046875 0.01953125
5 0.71953125 0.20625 0.034375 0.028125
5 0.16328125 0.35703125 0.0390625 0.021875
5 0.4390625 0.35390625 0.03359375 0.0328125
5 0.70234375 0.3484375 0.025 0.025
5 0.1734375 0.52421875 0.0296875 0.02578125
5 0.4296875 0.51796875 0.028125 0.03203125
5 0.70703125 0.5125 0.03203125 0.04296875
5 0.171875 0.69140625 0.0390625 0.02890625
5 0.44453125 0.68671875 0.0359375 0.02734375
5 0.71484375 0.68984375 0.03359375 0.03671875