1 0.2078125 0.22265625 0.215625 0.04765625
1 0.48203125 0.22578125 0.2265625 0.05625
1 0.74921875 0.225 0.23828125 0.06015625
1 0.20078125 0.421875 0.215625 0.046875
1 0.49375 0.4203125 0.203125 0.03984375
1 0.73984375 0.41640625 0.24375 0.04140625
1 0.1953125 0.6234375 0.2265625 0.04140625
1 0.49375 0.62265625 0.24765625 0.05078125
1 0.78125 0.621875 0.24609375 0.05078125
1 0.1875 0.825 0.20859375 0.04453125
1 0.4921875 0.825 0.24921875 0.05546875
1 0.7890625 0.82734375 0.2453125 0.046875
5 0.11875 0.22109375 0.03359375 0.02890625
5 0.40390625 0.22109375 0.02890625 0.028125
5 0.659375 0.21796875 0.03046875 0.025
5 0.1171875 0.41953125 0.021875 0.0234375
5 0.4125 0.41640625 0.01953125 0.021875
5 0.646875 0.4140625 0.025 0.02734375
5 0.10625 0.621875 0.03046875 0.02578125
5 0.40390625 0.61953125 0.028125 0.0359375
5 0.6828125 0.61796875 0.028125 0.0375
5 0.10390625 0.8265625 0.02890625 0.02890625
5 0.40078125 0.82734375 0.03203125 0.034375
5 0.70078125 0.828125 0.04140625 0.021875