1 0.2421875 0.1953125 0.203125 0.04765625
1 0.4984375 0.1984375 0.20859375 0.04453125
1 0.7625 0.18828125 0.2171875 0.0375
1 0.2484375 0.35625 0.23203125 0.0375
1 0.4921875 0.3609375 0.22578125 0.03125
1 0.74375 0.3609375 0.22421875 0.04140625
1 0.2546875 0.55625 0.259375 0.034375
1 0.5234375 0.5625 0.23984375 0.046875
1 0.76171875 0.56015625 0.2171875 0.03671875
1 0.2453125 0.71875 0.24921875 0.03671875
1 0.509375 0.71640625 0.259375 0.03515625
1 0.78515625 0.7171875 0.2421875 0.03125
5 0.16328125 0.1921875 0.02265625 0.02265625
5 0.41875 0.1859375 0.0296875 0.03359375
5 0.6859375 0.19296875 0.03203125 0.02421875
5 0.16015625 0.36015625 0.0359375 0.028125
5 0.41484375 0.35859375 0.02890625 0.02421875
5 0.665625 0.35859375 0.0375 0.03046875
5 0.15703125 0.55625 0.0234375 0.028125
5 0.428125 0.56015625 0.0484375 0.034375
5 0.67265625 0.55859375 0.02890625 0.01796875
5 0.14140625 0.71875 0.028125 0.02578125
5 0.4109375 0.715625 0.025 0.02421875
5 0.6859375 0.715625 0.0296875 0.046875