1 0.20078125 0.2 0.27734375 0.04921875
1 0.5 0.20234375 0.2671875 0.04921875
1 0.7890625 0.19140625 0.26171875 0.03984375
1 0.19609375 0.3921875 0.2921875 0.04296875
1 0.51328125 0.390625 0.30078125 0.04453125
1 0.80234375 0.390625 0.26015625 0.04140625
1 0.1859375 0.59140625 0.253125 0.04140625
1 0.48203125 0.590625 0.31953125 0.04140625
1 0.79296875 0.5859375 0.27421875 0.03515625
1 0.17734375 0.7890625 0.2609375 0.04375
1 0.48046875 0.7875 0.31875 0.03671875
1 0.7984375 0.79140625 0.28515625 0.03828125
5 0.08515625 0.196875 0.028125 0.02578125
5 0.3875 0.19296875 0.028125 0.025
5 0.6734375 0.1890625 0.02890625 0.0375
5 0.075 0.38671875 0.03984375 0.02734375
5 0.38125 0.3875 0.03203125 0.03828125
5 0.68515625 0.38671875 0.021875 0.03046875
5 0.08203125 0.58671875 0.0265625 0.02578125
5 0.34609375 0.5875 0.02265625 0.02421875
5 0.67578125 0.58203125 0.01953125 0.028125
5 0.075 0.78984375 0.06796875 0.046875
5 0.340625 0.78515625 0.04765625 0.034375
5 0.678125 0.78671875 0.03203125 0.03828125