1 0.18125 0.12890625 0.2 0.03203125
1 0.46875 0.13359375 0.196875 0.04765625
1 0.7078125 0.1296875 0.128125 0.05234375
1 0.13515625 0.2609375 0.1078125 0.03359375
1 0.4515625 0.25390625 0.140625 0.03515625
1 0.709375 0.24921875 0.140625 0.03515625
1 0.1640625 0.409375 0.15625 0.04375
1 0.4375 0.4046875 0.134375 0.04765625
1 0.71171875 0.403125 0.1296875 0.05
1 0.1765625 0.61171875 0.165625 0.04765625
1 0.42265625 0.603125 0.1328125 0.04609375
1 0.71953125 0.59296875 0.21484375 0.03984375
5 0.1015625 0.13671875 0.03515625 0.040625
5 0.38671875 0.1328125 0.040625 0.0328125
5 0.6640625 0.12890625 0.03125 0.03984375
5 0.1015625 0.259375 0.02265625 0.0265625
5 0.39453125 0.25546875 0.03671875 0.03203125
5 0.653125 0.24609375 0.0296875 0.03046875
5 0.10625 0.4109375 0.034375 0.03984375
5 0.390625 0.4015625 0.0359375 0.04765625
5 0.665625 0.40078125 0.040625 0.04453125
5 0.11953125 0.6125 0.05 0.03515625
5 0.378125 0.60078125 0.040625 0.0484375
5 0.625 0.5953125 0.034375 0.0359375