1 0.23828125 0.11953125 0.3296875 0.04921875
1 0.58359375 0.12421875 0.21328125 0.0359375
1 0.82734375 0.11953125 0.0953125 0.03671875
1 0.2328125 0.3390625 0.31484375 0.04140625
1 0.546875 0.334375 0.19375 0.0390625
1 0.79921875 0.33203125 0.1546875 0.034375
1 0.17578125 0.5 0.175 0.04296875
1 0.5234375 0.4859375 0.1796875 0.04609375
1 0.80859375 0.48203125 0.2 0.05078125
1 0.13203125 0.64609375 0.09375 0.034375
1 0.4421875 0.6296875 0.2546875 0.04296875
1 0.7578125 0.615625 0.2515625 0.03671875
5 0.0984375 0.11484375 0.03515625 0.046875
5 0.4921875 0.1234375 0.02890625 0.025
5 0.7984375 0.11796875 0.0234375 0.0390625
5 0.0953125 0.33828125 0.040625 0.0453125
5 0.4640625 0.33515625 0.0234375 0.0328125
5 0.7359375 0.33125 0.02578125 0.0265625
5 0.10390625 0.4984375 0.03359375 0.0390625
5 0.4546875 0.48671875 0.04375 0.04609375
5 0.7296875 0.4796875 0.0421875 0.0453125
5 0.10390625 0.646875 0.0421875 0.0390625
5 0.33203125 0.62890625 0.02421875 0.03125
5 0.6546875 0.6203125 0.04375 0.0328125