1 0.15 0.19765625 0.13671875 0.03046875
1 0.46015625 0.19921875 0.1859375 0.0265625
1 0.765625 0.2015625 0.140625 0.0375
1 0.1328125 0.3578125 0.0984375 0.02890625
1 0.42578125 0.3640625 0.13359375 0.02890625
1 0.734375 0.36328125 0.0953125 0.03046875
1 0.14296875 0.4921875 0.1078125 0.0203125
1 0.42578125 0.49453125 0.11171875 0.01953125
1 0.7171875 0.49453125 0.0859375 0.0171875
1 0.2 0.65 0.23046875 0.03515625
1 0.48203125 0.65 0.21484375 0.03046875
1 0.7609375 0.6484375 0.1875 0.03671875
5 0.096875 0.1953125 0.03125 0.025
5 0.3921875 0.2015625 0.04375 0.02890625
5 0.71796875 0.2 0.0421875 0.03984375
5 0.0953125 0.35546875 0.03515625 0.02734375
5 0.3796875 0.3625 0.03515625 0.03203125
5 0.70859375 0.3625 0.04140625 0.028125
5 0.10390625 0.4921875 0.03359375 0.02265625
5 0.38125 0.49609375 0.028125 0.01796875
5 0.68828125 0.49453125 0.0265625 0.01796875
5 0.1109375 0.65 0.0484375 0.03828125
5 0.3953125 0.6484375 0.03125 0.03671875
5 0.69140625 0.6484375 0.0484375 0.03671875