1 0.16015625 0.1640625 0.1671875 0.0234375
1 0.41015625 0.16484375 0.084375 0.02421875
1 0.76015625 0.16875 0.15390625 0.0234375
1 0.1703125 0.26953125 0.184375 0.0203125
1 0.4296875 0.2671875 0.1234375 0.0234375
1 0.759375 0.27265625 0.15625 0.02578125
1 0.159375 0.4671875 0.15390625 0.03046875
1 0.465625 0.465625 0.1765625 0.02578125
1 0.78828125 0.465625 0.16953125 0.034375
1 0.1625 0.68125 0.13671875 0.0359375
1 0.4234375 0.68046875 0.08671875 0.02578125
1 0.75859375 0.68046875 0.11484375 0.03046875
5 0.0859375 0.16640625 0.01796875 0.02265625
5 0.3828125 0.1640625 0.02890625 0.025
5 0.69296875 0.1671875 0.0203125 0.02578125
5 0.0875 0.26796875 0.01953125 0.01796875
5 0.37734375 0.265625 0.034375 0.03046875
5 0.6921875 0.27265625 0.02578125 0.03046875
5 0.10078125 0.46640625 0.040625 0.03125
5 0.39296875 0.46484375 0.02578125 0.0296875
5 0.721875 0.4625 0.03671875 0.03359375
5 0.11328125 0.68046875 0.05 0.03515625
5 0.390625 0.68203125 0.0296875 0.028125
5 0.71796875 0.68046875 0.0375 0.03828125