1 0.1734375 0.203125 0.16171875 0.02578125
1 0.53046875 0.20390625 0.18671875 0.03203125
1 0.83046875 0.20234375 0.15546875 0.03046875
1 0.1796875 0.33671875 0.15390625 0.02578125
1 0.53984375 0.334375 0.1734375 0.03359375
1 0.8390625 0.33046875 0.1609375 0.02734375
1 0.1984375 0.46171875 0.20859375 0.03203125
1 0.521875 0.4578125 0.18046875 0.03046875
1 0.8359375 0.45546875 0.21953125 0.03359375
1 0.2109375 0.61796875 0.22265625 0.03125
1 0.540625 0.6171875 0.1921875 0.03046875
1 0.8453125 0.6140625 0.2046875 0.03125
5 0.10703125 0.203125 0.03515625 0.028125
5 0.45390625 0.203125 0.03359375 0.0328125
5 0.76875 0.2015625 0.0453125 0.03515625
5 0.115625 0.33828125 0.034375 0.0296875
5 0.465625 0.3328125 0.03046875 0.03125
5 0.775 0.3296875 0.03203125 0.028125
5 0.11328125 0.4640625 0.04765625 0.03515625
5 0.45390625 0.459375 0.05234375 0.0328125
5 0.75 0.45859375 0.04375 0.0359375
5 0.121875 0.61875 0.0484375 0.0390625
5 0.46015625 0.615625 0.0359375 0.03359375
5 0.7640625 0.6140625 0.0359375 0.03515625