1 0.1875 0.20703125 0.13984375 0.03125
1 0.465625 0.20859375 0.13671875 0.03828125
1 0.78984375 0.21484375 0.13984375 0.0390625
1 0.171875 0.32890625 0.10078125 0.03515625
1 0.44609375 0.32890625 0.0796875 0.03359375
1 0.7390625 0.33125 0.09765625 0.03125
1 0.1671875 0.4828125 0.0921875 0.02890625
1 0.46640625 0.48046875 0.10625 0.034375
1 0.7546875 0.48125 0.11015625 0.03671875
1 0.1984375 0.6296875 0.15234375 0.0328125
1 0.48125 0.62890625 0.12578125 0.02578125
1 0.78203125 0.6296875 0.3140625 0.0359375
5 0.13515625 0.20859375 0.040625 0.03828125
5 0.41875 0.2078125 0.04296875 0.04296875
5 0.734375 0.21171875 0.03828125 0.04453125
5 0.14140625 0.32890625 0.04140625 0.04296875
5 0.42265625 0.32890625 0.034375 0.0375
5 0.71015625 0.33359375 0.0359375 0.040625
5 0.1375 0.4859375 0.0359375 0.03984375
5 0.43046875 0.4796875 0.03984375 0.03828125
5 0.71796875 0.4796875 0.03125 0.03828125
5 0.14140625 0.63046875 0.040625 0.03515625
5 0.43515625 0.6296875 0.03359375 0.03125
5 0.6421875 0.6296875 0.040625 0.0375