1 0.140625 0.21875 0.1453125 0.02890625
1 0.39296875 0.22109375 0.159375 0.03125
1 0.73671875 0.21953125 0.17421875 0.02890625
1 0.159375 0.38984375 0.16328125 0.0234375
1 0.44921875 0.39296875 0.15078125 0.028125
1 0.75625 0.38828125 0.1921875 0.02578125
1 0.1625 0.50625 0.1484375 0.034375
1 0.478125 0.50703125 0.16953125 0.0375
1 0.77734375 0.50390625 0.1703125 0.03671875
1 0.18046875 0.65859375 0.1765625 0.034375
1 0.471875 0.653125 0.15234375 0.03828125
1 0.7625 0.653125 0.18828125 0.0328125
5 0.08671875 0.2171875 0.040625 0.0390625
5 0.32578125 0.21796875 0.040625 0.03671875
5 0.66640625 0.21796875 0.04375 0.03359375
5 0.096875 0.39140625 0.05234375 0.034375
5 0.390625 0.39140625 0.03515625 0.034375
5 0.675 0.3921875 0.03828125 0.03671875
5 0.10546875 0.5046875 0.03984375 0.03203125
5 0.409375 0.50546875 0.040625 0.04765625
5 0.7078125 0.50546875 0.05 0.04375
5 0.10859375 0.66015625 0.046875 0.04375
5 0.4125 0.65234375 0.0453125 0.03984375
5 0.68828125 0.6546875 0.0375 0.05390625