3 0.21875 0.19765625 0.04921875 0.13046875
3 0.44921875 0.20390625 0.0328125 0.11796875
3 0.6453125 0.20546875 0.03828125 0.109375
3 0.21015625 0.39921875 0.03984375 0.13828125
3 0.44765625 0.39453125 0.05390625 0.11171875
3 0.64765625 0.4015625 0.04375 0.121875
3 0.19296875 0.61171875 0.0515625 0.14375
3 0.43046875 0.6125 0.04921875 0.13671875
3 0.63515625 0.60859375 0.06171875 0.13203125
3 0.1765625 0.83359375 0.05390625 0.13671875
3 0.41796875 0.8203125 0.0515625 0.140625
3 0.63984375 0.81796875 0.059375 0.1390625
5 0.22109375 0.1453125 0.03984375 0.0265625
5 0.4453125 0.15625 0.0328125 0.025
5 0.6453125 0.15859375 0.034375 0.0234375
5 0.20859375 0.3453125 0.0328125 0.03125
5 0.44375 0.35390625 0.04765625 0.03125
5 0.64453125 0.3546875 0.0328125 0.03046875
5 0.1953125 0.55703125 0.053125 0.03125
5 0.42890625 0.55703125 0.0375 0.034375
5 0.62421875 0.56015625 0.04140625 0.025
5 0.17890625 0.77578125 0.04609375 0.03203125
5 0.41640625 0.76953125 0.04140625 0.03046875
5 0.6359375 0.7671875 0.0390625 0.03046875