2 0.1765625 0.14765625 0.2296875 0.05859375
2 0.5328125 0.1421875 0.2546875 0.04609375
2 0.828125 0.140625 0.23828125 0.04140625
2 0.178125 0.3671875 0.2328125 0.06484375
2 0.5046875 0.3609375 0.2671875 0.053125
2 0.80703125 0.3390625 0.2421875 0.046875
2 0.16875 0.60078125 0.26484375 0.04375
2 0.49609375 0.58359375 0.259375 0.04921875
2 0.825 0.56328125 0.25234375 0.03984375
2 0.16015625 0.81640625 0.23671875 0.05078125
2 0.49765625 0.7984375 0.26640625 0.04609375
2 0.8125 0.79765625 0.253125 0.04765625
5 0.25703125 0.14609375 0.03359375 0.034375
5 0.61875 0.140625 0.025 0.034375
5 0.915625 0.13671875 0.03671875 0.02421875
5 0.2625 0.36171875 0.0390625 0.03828125
5 0.6015625 0.35078125 0.0375 0.03125
5 0.91796875 0.33203125 0.0390625 0.034375
5 0.27578125 0.59921875 0.04609375 0.03671875
5 0.60546875 0.58203125 0.040625 0.03359375
5 0.91640625 0.559375 0.034375 0.03203125
5 0.26171875 0.81015625 0.040625 0.03828125
5 0.6015625 0.79765625 0.0375 0.02890625
5 0.91171875 0.796875 0.034375 0.03671875