9 0.234375 0.26796875 0.18203125 0.08359375
9 0.453125 0.265625 0.19453125 0.07578125
9 0.70234375 0.27890625 0.17578125 0.09296875
9 0.234375 0.4203125 0.1734375 0.08203125
9 0.45078125 0.42265625 0.20234375 0.08359375
9 0.696875 0.42734375 0.21484375 0.09296875
9 0.2453125 0.571875 0.19609375 0.07421875
9 0.47578125 0.57421875 0.2109375 0.06640625
9 0.709375 0.575 0.20625 0.07734375
9 0.24140625 0.73203125 0.2046875 0.07578125
9 0.48515625 0.72265625 0.20078125 0.07890625
9 0.7234375 0.73125 0.21484375 0.08671875