9 0.26875 0.19453125 0.27265625 0.096875
9 0.54375 0.21484375 0.23125 0.115625
9 0.81015625 0.228125 0.21484375 0.1140625
9 0.2828125 0.34765625 0.29921875 0.1125
9 0.55859375 0.371875 0.23125 0.1203125
9 0.82109375 0.38359375 0.21484375 0.1015625
9 0.26484375 0.53203125 0.28125 0.1203125
9 0.54921875 0.54296875 0.24140625 0.1296875
9 0.82890625 0.55859375 0.24375 0.1109375
9 0.2640625 0.71796875 0.2828125 0.11875
9 0.56171875 0.7296875 0.25859375 0.1109375
9 0.8328125 0.74453125 0.27265625 0.115625