9 0.24296875 0.24453125 0.20078125 0.08515625
9 0.48203125 0.25 0.1984375 0.07890625
9 0.696875 0.259375 0.15703125 0.07890625
9 0.2296875 0.41015625 0.20625 0.07421875
9 0.46328125 0.421875 0.19453125 0.07890625
9 0.69140625 0.4421875 0.18359375 0.09296875
9 0.2390625 0.58125 0.19609375 0.09296875
9 0.4640625 0.60625 0.1921875 0.08359375
9 0.6875 0.615625 0.1921875 0.08046875
9 0.25703125 0.7484375 0.21484375 0.09296875
9 0.4859375 0.75390625 0.18203125 0.08359375
9 0.703125 0.759375 0.20625 0.08828125