9 0.2125 0.240625 0.18359375 0.08984375
9 0.47890625 0.23515625 0.2125 0.09140625
9 0.71015625 0.23125 0.19609375 0.0953125
9 0.2078125 0.40703125 0.2046875 0.08359375
9 0.47265625 0.40625 0.20859375 0.08515625
9 0.7078125 0.40703125 0.18359375 0.1015625
9 0.19609375 0.56875 0.18359375 0.08046875
9 0.46015625 0.58359375 0.1921875 0.07890625
9 0.73515625 0.59140625 0.1796875 0.07578125
9 0.20625 0.7625 0.1796875 0.08515625
9 0.471875 0.76015625 0.2109375 0.07734375
9 0.75078125 0.76640625 0.1984375 0.08671875