2 0.22109375 0.20625 0.21328125 0.05234375
2 0.46640625 0.2078125 0.1765625 0.04140625
2 0.72734375 0.2046875 0.1671875 0.04375
2 0.2203125 0.40234375 0.18359375 0.03828125
2 0.4796875 0.3984375 0.19921875 0.03515625
2 0.7390625 0.39140625 0.190625 0.0375
2 0.22265625 0.59765625 0.1765625 0.03828125
2 0.4859375 0.6046875 0.1796875 0.040625
2 0.778125 0.59921875 0.21015625 0.053125
2 0.23515625 0.75078125 0.19375 0.04375
2 0.4796875 0.75078125 0.20859375 0.05234375
2 0.78046875 0.75625 0.22265625 0.05546875
5 0.3109375 0.209375 0.04140625 0.02578125
5 0.53125 0.20625 0.03046875 0.02890625
5 0.7828125 0.20390625 0.03046875 0.02890625
5 0.2765625 0.396875 0.0375 0.034375
5 0.52890625 0.40078125 0.02890625 0.02265625
5 0.79375 0.39375 0.034375 0.03359375
5 0.3 0.59765625 0.0359375 0.0296875
5 0.53671875 0.60234375 0.0359375 0.03125
5 0.84921875 0.60546875 0.0375 0.03046875
5 0.3046875 0.7578125 0.04296875 0.03359375
5 0.53984375 0.75390625 0.04296875 0.034375
5 0.84375 0.7625 0.0375 0.034375