3 0.17265625 0.21796875 0.04765625 0.15546875
3 0.45390625 0.21484375 0.0671875 0.1578125
3 0.71171875 0.21640625 0.059375 0.1609375
3 0.1828125 0.43828125 0.053125 0.16953125
3 0.45859375 0.43828125 0.05703125 0.1421875
3 0.7109375 0.43515625 0.06484375 0.15234375
3 0.17265625 0.67734375 0.05546875 0.15390625
3 0.46640625 0.66484375 0.084375 0.16640625
3 0.7203125 0.67265625 0.04921875 0.16796875
3 0.1734375 0.87265625 0.0609375 0.159375
3 0.47265625 0.86328125 0.0671875 0.16640625
3 0.72109375 0.859375 0.04453125 0.159375
5 0.17265625 0.1546875 0.05625 0.0375
5 0.45703125 0.14921875 0.06328125 0.03046875
5 0.71484375 0.1453125 0.05 0.02890625
5 0.18671875 0.36953125 0.06015625 0.03125
5 0.465625 0.38515625 0.06328125 0.0421875
5 0.71015625 0.37265625 0.04453125 0.0359375
5 0.17578125 0.6078125 0.05 0.0390625
5 0.45703125 0.59609375 0.05703125 0.028125
5 0.7109375 0.5984375 0.0484375 0.03203125
5 0.17734375 0.80546875 0.05625 0.03984375
5 0.46640625 0.80234375 0.04453125 0.03359375
5 0.71171875 0.790625 0.04765625 0.0359375