9 0.21640625 0.1671875 0.23359375 0.1
9 0.4921875 0.17265625 0.21484375 0.08359375
9 0.775 0.1890625 0.21875 0.0984375
9 0.21640625 0.3125 0.26640625 0.08046875
9 0.51171875 0.32421875 0.22109375 0.1
9 0.75234375 0.33125 0.25234375 0.1203125
9 0.20078125 0.434375 0.25234375 0.09140625
9 0.4828125 0.45078125 0.23359375 0.09140625
9 0.7640625 0.45546875 0.24140625 0.096875
9 0.2 0.55859375 0.24609375 0.1140625
9 0.49609375 0.5765625 0.24765625 0.1078125
9 0.7796875 0.584375 0.26015625 0.1015625
9 0.17578125 0.71328125 0.23125 0.096875
9 0.459375 0.73046875 0.23984375 0.109375
9 0.78359375 0.75625 0.26015625 0.146875