9 0.19140625 0.15859375 0.20078125 0.0984375
9 0.4203125 0.1578125 0.21484375 0.09140625
9 0.62265625 0.159375 0.17734375 0.1
9 0.8 0.1609375 0.17734375 0.10625
9 0.18046875 0.34609375 0.1609375 0.08828125
9 0.3953125 0.3578125 0.23125 0.1046875
9 0.63359375 0.340625 0.20859375 0.09296875
9 0.8375 0.340625 0.16953125 0.1109375
9 0.15546875 0.553125 0.1734375 0.09375
9 0.37109375 0.55859375 0.23359375 0.0984375
9 0.63359375 0.5625 0.225 0.1015625
9 0.84765625 0.56484375 0.153125 0.09140625
9 0.1671875 0.79765625 0.1921875 0.09296875
9 0.3953125 0.79375 0.23125 0.08828125
9 0.6265625 0.79453125 0.22734375 0.08984375
9 0.840625 0.79375 0.19609375 0.096875