2 0.2109375 0.20234375 0.2046875 0.053125
2 0.49453125 0.20234375 0.2453125 0.046875
2 0.803125 0.190625 0.190625 0.05703125
2 0.21953125 0.41875 0.21875 0.05625
2 0.4921875 0.4125 0.221875 0.04921875
2 0.81171875 0.409375 0.2046875 0.053125
2 0.21484375 0.57890625 0.20859375 0.03828125
2 0.50546875 0.590625 0.21484375 0.06171875
2 0.8265625 0.5921875 0.2296875 0.046875
2 0.22265625 0.76953125 0.2046875 0.04140625
2 0.51015625 0.7734375 0.24765625 0.04765625
2 0.84140625 0.7734375 0.228125 0.05234375
5 0.27734375 0.20390625 0.04765625 0.0453125
5 0.57265625 0.2046875 0.04453125 0.04375
5 0.8671875 0.18203125 0.05390625 0.053125
5 0.28515625 0.41484375 0.04609375 0.04609375
5 0.58046875 0.41171875 0.03203125 0.04296875
5 0.8953125 0.40234375 0.0375 0.04609375
5 0.284375 0.578125 0.04140625 0.03984375
5 0.59140625 0.59140625 0.040625 0.040625
5 0.9203125 0.59296875 0.0625 0.05234375
5 0.29296875 0.76796875 0.0390625 0.03828125
5 0.60234375 0.77578125 0.04140625 0.0375
5 0.9328125 0.77734375 0.040625 0.05625