3 0.2125 0.13046875 0.06484375 0.13828125
3 0.50078125 0.1203125 0.04765625 0.1203125
3 0.7984375 0.13984375 0.08203125 0.1484375
3 0.196875 0.36015625 0.04453125 0.1296875
3 0.490625 0.3578125 0.059375 0.1390625
3 0.784375 0.3515625 0.06484375 0.1203125
3 0.18359375 0.5375 0.059375 0.1390625
3 0.475 0.52578125 0.0421875 0.13515625
3 0.78515625 0.53125 0.04765625 0.14375
3 0.16328125 0.71484375 0.05 0.14375
3 0.48046875 0.70625 0.05 0.14375
3 0.78984375 0.69921875 0.03828125 0.14375
5 0.21015625 0.0765625 0.0359375 0.02890625
5 0.503125 0.0796875 0.03984375 0.03203125
5 0.78515625 0.0734375 0.0328125 0.0234375
5 0.1953125 0.30234375 0.04453125 0.02265625
5 0.490625 0.30546875 0.03984375 0.0265625
5 0.7828125 0.3 0.0375 0.02890625
5 0.178125 0.478125 0.0375 0.0265625
5 0.47734375 0.475 0.0375 0.025
5 0.78125 0.46875 0.03125 0.0265625
5 0.16640625 0.65546875 0.04296875 0.02578125
5 0.475 0.6515625 0.04765625 0.03359375
5 0.784375 0.64921875 0.04609375 0.02890625