9 0.15234375 0.14453125 0.1796875 0.09296875
9 0.5390625 0.11875 0.20078125 0.08359375
9 0.7953125 0.1421875 0.2125 0.09375
9 0.14609375 0.32265625 0.20859375 0.109375
9 0.5421875 0.303125 0.20234375 0.08515625
9 0.82578125 0.31484375 0.171875 0.09375
9 0.18203125 0.5796875 0.2234375 0.0984375
9 0.57734375 0.571875 0.23515625 0.1015625
9 0.8515625 0.575 0.14453125 0.08359375
9 0.190625 0.815625 0.23515625 0.0984375
9 0.58828125 0.8203125 0.2703125 0.1046875
9 0.8640625 0.815625 0.1484375 0.08046875