9 0.22890625 0.23515625 0.18828125 0.08203125
9 0.46875 0.234375 0.2171875 0.0984375
9 0.71015625 0.2359375 0.2046875 0.1015625
9 0.23125 0.3953125 0.19609375 0.07890625
9 0.465625 0.3890625 0.23125 0.103125
9 0.71640625 0.39296875 0.2046875 0.08046875
9 0.2390625 0.553125 0.18359375 0.08203125
9 0.4765625 0.5359375 0.22109375 0.08203125
9 0.71328125 0.528125 0.1984375 0.08203125
9 0.25234375 0.7125 0.1859375 0.0953125
9 0.475 0.7109375 0.1921875 0.08671875
9 0.72578125 0.71484375 0.1984375 0.08515625