9 0.20625 0.18359375 0.22109375 0.08046875
9 0.49921875 0.18828125 0.2375 0.096875
9 0.78046875 0.1984375 0.23359375 0.0984375
9 0.19609375 0.37109375 0.2296875 0.08828125
9 0.5015625 0.375 0.2296875 0.08828125
9 0.79296875 0.3828125 0.22109375 0.09140625
9 0.20234375 0.565625 0.25390625 0.08359375
9 0.4953125 0.5625 0.24140625 0.07890625
9 0.7921875 0.553125 0.23984375 0.08515625
9 0.19609375 0.72734375 0.25 0.08203125
9 0.5046875 0.72421875 0.23515625 0.096875
9 0.81015625 0.721875 0.26875 0.1140625