9 0.2046875 0.23125 0.18203125 0.08671875
9 0.471875 0.2453125 0.2109375 0.09296875
9 0.74765625 0.26171875 0.20078125 0.1078125
9 0.19296875 0.41875 0.1609375 0.07890625
9 0.4640625 0.428125 0.23359375 0.08828125
9 0.76484375 0.43046875 0.22734375 0.08359375
9 0.18828125 0.578125 0.17734375 0.08671875
9 0.48515625 0.59296875 0.24140625 0.08828125
9 0.7703125 0.59453125 0.2046875 0.08515625
9 0.21015625 0.77421875 0.2125 0.1015625
9 0.48671875 0.7921875 0.2375 0.08828125
9 0.78125 0.79140625 0.19453125 0.0953125