9 0.184375 0.1328125 0.20234375 0.06328125
9 0.4765625 0.1234375 0.22109375 0.07734375
9 0.778125 0.121875 0.20078125 0.08046875
9 0.215625 0.31640625 0.26484375 0.07578125
9 0.5140625 0.2984375 0.24140625 0.07890625
9 0.79296875 0.284375 0.2046875 0.07265625
9 0.203125 0.47421875 0.21875 0.08203125
9 0.48984375 0.46640625 0.1984375 0.07890625
9 0.76875 0.46953125 0.22734375 0.096875
9 0.20625 0.65390625 0.20859375 0.08984375
9 0.47578125 0.65234375 0.23125 0.1015625
9 0.7640625 0.65390625 0.2171875 0.09296875