3 0.1796875 0.209375 0.05546875 0.14375
3 0.49453125 0.209375 0.07890625 0.13828125
3 0.79140625 0.203125 0.078125 0.11953125
3 0.1921875 0.4203125 0.08828125 0.1453125
3 0.515625 0.409375 0.0671875 0.11796875
3 0.821875 0.40703125 0.09765625 0.11953125
3 0.16953125 0.6125 0.05546875 0.121875
3 0.51953125 0.6015625 0.07109375 0.109375
3 0.840625 0.6140625 0.078125 0.13046875
3 0.13984375 0.84921875 0.09609375 0.1296875
3 0.5015625 0.84453125 0.0765625 0.1640625
3 0.8484375 0.84375 0.08203125 0.13359375
5 0.18203125 0.1515625 0.04609375 0.03359375
5 0.49375 0.1578125 0.05625 0.03359375
5 0.775 0.15625 0.04453125 0.025
5 0.18359375 0.3640625 0.0546875 0.03203125
5 0.5109375 0.3671875 0.05 0.03125
5 0.81171875 0.35546875 0.04609375 0.03203125
5 0.171875 0.565625 0.0515625 0.03046875
5 0.52734375 0.56875 0.0546875 0.03359375
5 0.82890625 0.55546875 0.05859375 0.0359375
5 0.14296875 0.79296875 0.05 0.0265625
5 0.49296875 0.784375 0.0546875 0.034375
5 0.8390625 0.7890625 0.0390625 0.0234375