2 0.165625 0.1703125 0.2203125 0.03125
2 0.53515625 0.1734375 0.20625 0.03515625
2 0.8109375 0.16875 0.21953125 0.03671875
2 0.16328125 0.40703125 0.259375 0.04609375
2 0.5046875 0.4015625 0.203125 0.03828125
2 0.8015625 0.4078125 0.240625 0.046875
2 0.16875 0.628125 0.28671875 0.05078125
2 0.48359375 0.6234375 0.23671875 0.03203125
2 0.76953125 0.625 0.23515625 0.03984375
2 0.1703125 0.8328125 0.32890625 0.04140625
2 0.48828125 0.8453125 0.24375 0.04921875
2 0.78671875 0.84609375 0.25078125 0.0453125
5 0.240625 0.1703125 0.04296875 0.03984375
5 0.6015625 0.16875 0.04609375 0.03125
5 0.8890625 0.165625 0.05859375 0.053125
5 0.2578125 0.40546875 0.04453125 0.03203125
5 0.57578125 0.40625 0.04765625 0.03671875
5 0.88984375 0.40625 0.046875 0.03671875
5 0.26953125 0.628125 0.0390625 0.03046875
5 0.56640625 0.621875 0.0484375 0.03984375
5 0.86484375 0.6265625 0.046875 0.03984375
5 0.2953125 0.828125 0.0625 0.03515625
5 0.57421875 0.84140625 0.05859375 0.04765625
5 0.8859375 0.84609375 0.05859375 0.04296875