9 0.19921875 0.153125 0.2234375 0.08515625
9 0.5203125 0.165625 0.2046875 0.096875
9 0.78046875 0.16796875 0.1921875 0.0984375
9 0.19140625 0.378125 0.23359375 0.103125
9 0.47890625 0.38203125 0.2296875 0.08984375
9 0.74453125 0.38671875 0.21484375 0.0953125
9 0.1703125 0.634375 0.23125 0.09140625
9 0.44609375 0.628125 0.2125 0.103125
9 0.7390625 0.6203125 0.2296875 0.0984375
9 0.190625 0.8421875 0.23984375 0.09296875
9 0.459375 0.84765625 0.2234375 0.08515625
9 0.7546875 0.846875 0.23984375 0.1015625