9 0.24453125 0.18828125 0.21484375 0.1125
9 0.53125 0.18359375 0.22734375 0.1140625
9 0.79765625 0.18984375 0.20625 0.096875
9 0.2515625 0.37421875 0.24140625 0.13125
9 0.5359375 0.353125 0.21875 0.1171875
9 0.803125 0.35234375 0.23359375 0.103125
9 0.24609375 0.59140625 0.23125 0.1375
9 0.5453125 0.56640625 0.24140625 0.121875
9 0.828125 0.56796875 0.23359375 0.140625
9 0.24140625 0.784375 0.24609375 0.17109375
9 0.54296875 0.7796875 0.2828125 0.17109375
9 0.840625 0.77578125 0.24140625 0.16953125