9 0.23828125 0.1984375 0.26015625 0.1234375
9 0.52109375 0.1953125 0.23125 0.1328125
9 0.7765625 0.2015625 0.24140625 0.1296875
9 0.22265625 0.375 0.275 0.128125
9 0.51484375 0.37890625 0.26875 0.16328125
9 0.78359375 0.3765625 0.24765625 0.13125
9 0.24296875 0.55625 0.25390625 0.140625
9 0.53046875 0.5609375 0.24140625 0.153125
9 0.80390625 0.5546875 0.26015625 0.14375
9 0.2421875 0.76015625 0.2765625 0.1328125
9 0.5234375 0.75703125 0.24765625 0.1484375
9 0.81875 0.75078125 0.26484375 0.15703125