3 0.14140625 0.3453125 0.0484375 0.1625
3 0.1484375 0.49609375 0.040625 0.13671875
3 0.15703125 0.62265625 0.03828125 0.11953125
3 0.159375 0.765625 0.0453125 0.175
3 0.503125 0.334375 0.05 0.11953125
3 0.50234375 0.475 0.0546875 0.1578125
3 0.503125 0.6171875 0.05859375 0.1390625
3 0.50234375 0.7734375 0.0546875 0.1859375
3 0.80859375 0.340625 0.04140625 0.11640625
3 0.8125 0.47265625 0.03984375 0.14140625
3 0.8109375 0.60625 0.0421875 0.12578125
3 0.809375 0.76953125 0.0421875 0.20703125
5 0.14296875 0.2875 0.03828125 0.03984375
5 0.14765625 0.4484375 0.0390625 0.04453125
5 0.15703125 0.5828125 0.03671875 0.03984375
5 0.1625 0.696875 0.04765625 0.04140625
5 0.5046875 0.30078125 0.05625 0.04921875
5 0.50546875 0.41953125 0.06171875 0.046875
5 0.503125 0.57265625 0.0609375 0.04296875
5 0.50703125 0.7078125 0.06875 0.05234375
5 0.81328125 0.3046875 0.04921875 0.04375
5 0.8109375 0.41875 0.04140625 0.03359375
5 0.8140625 0.56171875 0.0546875 0.03671875
5 0.81328125 0.68828125 0.046875 0.0390625