2 0.1984375 0.18984375 0.221875 0.05078125
2 0.51796875 0.190625 0.19921875 0.04375
2 0.78046875 0.19140625 0.2296875 0.03359375
2 0.1765625 0.446875 0.19921875 0.04296875
2 0.4953125 0.446875 0.23828125 0.04140625
2 0.7953125 0.45 0.22890625 0.046875
2 0.184375 0.65625 0.22265625 0.04609375
2 0.48984375 0.65859375 0.22421875 0.03828125
2 0.81796875 0.6578125 0.21328125 0.03984375
2 0.17265625 0.8375 0.19375 0.03671875
2 0.4734375 0.8359375 0.2453125 0.05
2 0.83359375 0.83125 0.2078125 0.040625
5 0.2828125 0.18515625 0.053125 0.03828125
5 0.59375 0.190625 0.04453125 0.046875
5 0.8640625 0.1890625 0.0390625 0.03125
5 0.23984375 0.4484375 0.04453125 0.03515625
5 0.58359375 0.44765625 0.0390625 0.028125
5 0.878125 0.446875 0.04296875 0.03203125
5 0.2625 0.653125 0.0265625 0.01953125
5 0.5765625 0.6546875 0.034375 0.025
5 0.8875 0.65234375 0.0359375 0.03046875
5 0.25078125 0.8359375 0.03359375 0.02265625
5 0.55703125 0.83359375 0.04140625 0.04140625
5 0.90859375 0.83125 0.04296875 0.04140625