9 0.2046875 0.13515625 0.27578125 0.12109375
9 0.525 0.13515625 0.240625 0.09921875
9 0.796875 0.14140625 0.184375 0.08125
9 0.1984375 0.29375 0.26015625 0.08515625
9 0.525 0.3 0.19921875 0.0671875
9 0.79453125 0.3203125 0.20546875 0.0828125
9 0.19140625 0.44921875 0.234375 0.07890625
9 0.5109375 0.4546875 0.22421875 0.06953125
9 0.79921875 0.45390625 0.18125 0.07734375
9 0.19609375 0.615625 0.2171875 0.08359375
9 0.5046875 0.61640625 0.21015625 0.08515625
9 0.7671875 0.6109375 0.196875 0.07734375