2 0.178125 0.19765625 0.22265625 0.03515625
2 0.5 0.1953125 0.2703125 0.04375
2 0.81796875 0.1921875 0.26328125 0.046875
2 0.1875 0.37734375 0.246875 0.053125
2 0.47734375 0.3734375 0.24375 0.04609375
2 0.7875 0.3765625 0.2609375 0.06015625
2 0.178125 0.5328125 0.23125 0.046875
2 0.46953125 0.534375 0.284375 0.04765625
2 0.7953125 0.5375 0.2703125 0.046875
2 0.17890625 0.715625 0.23515625 0.04375
2 0.45390625 0.71171875 0.25625 0.04453125
2 0.7703125 0.7203125 0.27265625 0.04609375
5 0.2640625 0.19609375 0.03203125 0.02578125
5 0.59609375 0.19765625 0.0375 0.03125
5 0.89765625 0.1890625 0.03515625 0.025
5 0.2640625 0.37109375 0.034375 0.021875
5 0.578125 0.36640625 0.03046875 0.0328125
5 0.88046875 0.37265625 0.03359375 0.0328125
5 0.2625 0.53125 0.03203125 0.02421875
5 0.55859375 0.5328125 0.04453125 0.03359375
5 0.89140625 0.53359375 0.034375 0.034375
5 0.2625 0.71171875 0.0390625 0.03046875
5 0.55078125 0.71640625 0.0375 0.0296875
5 0.871875 0.71796875 0.040625 0.03984375