3 0.1359375 0.19453125 0.0421875 0.15234375
3 0.47578125 0.19453125 0.0421875 0.14140625
3 0.85703125 0.2 0.0421875 0.153125
3 0.13828125 0.40078125 0.05 0.14140625
3 0.47265625 0.40625 0.0421875 0.15234375
3 0.8515625 0.40546875 0.040625 0.14140625
3 0.140625 0.6421875 0.05 0.16171875
3 0.4640625 0.6375 0.0484375 0.1828125
3 0.834375 0.6234375 0.0421875 0.15234375
3 0.14296875 0.83828125 0.04140625 0.10234375
3 0.45546875 0.81875 0.03671875 0.075
3 0.79609375 0.81953125 0.0328125 0.06953125
5 0.1296875 0.1296875 0.03984375 0.02890625
5 0.47734375 0.1390625 0.0453125 0.0328125
5 0.8578125 0.13984375 0.0484375 0.03203125
5 0.1296875 0.34453125 0.046875 0.03125
5 0.47109375 0.346875 0.03359375 0.03046875
5 0.85625 0.353125 0.05078125 0.03125
5 0.14375 0.57578125 0.05 0.03515625
5 0.4609375 0.55859375 0.0453125 0.0265625
5 0.840625 0.5625 0.0484375 0.02578125
5 0.1453125 0.8015625 0.040625 0.034375
5 0.453125 0.7953125 0.03671875 0.02578125
5 0.7921875 0.79765625 0.03515625 0.02265625