3 0.2203125 0.209375 0.05703125 0.178125
3 0.490625 0.19921875 0.04765625 0.17265625
3 0.75859375 0.21484375 0.05546875 0.196875
3 0.225 0.40859375 0.05546875 0.15078125
3 0.51015625 0.41171875 0.04375 0.1640625
3 0.77734375 0.409375 0.059375 0.15234375
3 0.22421875 0.61796875 0.05390625 0.16796875
3 0.50546875 0.603125 0.05390625 0.1609375
3 0.7921875 0.6078125 0.04609375 0.18515625
3 0.2328125 0.85078125 0.07421875 0.20859375
3 0.515625 0.84375 0.05546875 0.2140625
3 0.80859375 0.82734375 0.0671875 0.18359375
5 0.221875 0.1359375 0.0375 0.028125
5 0.48984375 0.1328125 0.0359375 0.0359375
5 0.75546875 0.13671875 0.03984375 0.028125
5 0.225 0.34921875 0.0375 0.0234375
5 0.496875 0.3421875 0.0359375 0.03203125
5 0.7703125 0.34140625 0.04453125 0.021875
5 0.22109375 0.54375 0.0359375 0.0265625
5 0.50390625 0.5421875 0.0328125 0.02890625
5 0.77734375 0.5328125 0.02421875 0.0265625
5 0.2140625 0.75703125 0.04453125 0.03046875
5 0.509375 0.75078125 0.0359375 0.03046875
5 0.79375 0.74296875 0.0359375 0.03359375