3 0.175 0.11015625 0.05390625 0.109375
3 0.5140625 0.1109375 0.0515625 0.1015625
3 0.83203125 0.09140625 0.05703125 0.09765625
3 0.18046875 0.296875 0.034375 0.11484375
3 0.5328125 0.29921875 0.0671875 0.11953125
3 0.8671875 0.28828125 0.07890625 0.140625
3 0.18203125 0.525 0.06171875 0.159375
3 0.5546875 0.49921875 0.06484375 0.13359375
3 0.87578125 0.48984375 0.04609375 0.140625
3 0.1765625 0.7609375 0.05390625 0.1640625
3 0.55859375 0.7625 0.07265625 0.18359375
3 0.8828125 0.7328125 0.06328125 0.15625
5 0.1765625 0.0734375 0.034375 0.021875
5 0.5125 0.06953125 0.04765625 0.03359375
5 0.8296875 0.05859375 0.03984375 0.021875
5 0.18203125 0.2671875 0.03984375 0.02578125
5 0.53125 0.2578125 0.04140625 0.021875
5 0.84921875 0.24140625 0.04453125 0.01953125
5 0.175 0.4578125 0.03984375 0.02265625
5 0.55234375 0.440625 0.04453125 0.01953125
5 0.8625 0.43359375 0.03046875 0.0234375
5 0.16953125 0.69609375 0.03125 0.02265625
5 0.54609375 0.68984375 0.02890625 0.01953125
5 0.87734375 0.67734375 0.04296875 0.02265625