6 0.20625 0.06875 0.23671875 0.12109375
6 0.540625 0.07421875 0.2265625 0.11328125
6 0.825 0.06796875 0.22890625 0.10390625
6 0.1984375 0.2546875 0.26171875 0.1375
6 0.52265625 0.26171875 0.240625 0.12421875
6 0.8234375 0.265625 0.240625 0.12265625
6 0.18828125 0.4609375 0.29375 0.1390625
6 0.51953125 0.46953125 0.259375 0.1546875
6 0.834375 0.46640625 0.259375 0.13359375
6 0.18671875 0.66484375 0.30859375 0.159375
6 0.52890625 0.68515625 0.2734375 0.19609375
6 0.82421875 0.6875 0.26328125 0.19140625