6 0.1796875 0.1375 0.2734375 0.13359375
6 0.49609375 0.13046875 0.22890625 0.13515625
6 0.8 0.12265625 0.271875 0.11015625
6 0.171875 0.2921875 0.26953125 0.11796875
6 0.48828125 0.28828125 0.2125 0.10390625
6 0.81171875 0.2875 0.2671875 0.10546875
6 0.1640625 0.45546875 0.2671875 0.12578125
6 0.4859375 0.4546875 0.23671875 0.11796875
6 0.82421875 0.4484375 0.26328125 0.12421875
6 0.15078125 0.6078125 0.2734375 0.13046875
6 0.49609375 0.60390625 0.22890625 0.12890625
6 0.83515625 0.60078125 0.2859375 0.11953125