6 0.2171875 0.15859375 0.246875 0.10859375
6 0.521875 0.15625 0.23046875 0.0953125
6 0.8265625 0.16015625 0.23046875 0.084375
6 0.209375 0.3046875 0.2390625 0.10234375
6 0.521875 0.3046875 0.23046875 0.11484375
6 0.8375 0.30546875 0.240625 0.10390625
6 0.20625 0.4671875 0.240625 0.12265625
6 0.534375 0.46484375 0.26328125 0.096875
6 0.84765625 0.45859375 0.240625 0.10703125
6 0.18984375 0.63203125 0.2734375 0.12421875
6 0.52890625 0.63515625 0.26953125 0.12109375
6 0.8578125 0.628125 0.25703125 0.10703125