6 0.225 0.18515625 0.253125 0.13046875
6 0.50625 0.178125 0.253125 0.11328125
6 0.79140625 0.184375 0.22265625 0.1375
6 0.1890625 0.36796875 0.246875 0.13515625
6 0.5140625 0.3734375 0.2796875 0.13359375
6 0.81796875 0.37734375 0.26328125 0.140625
6 0.1984375 0.5921875 0.2859375 0.1453125
6 0.5109375 0.58984375 0.278125 0.153125
6 0.80546875 0.59609375 0.27578125 0.153125
6 0.165625 0.8359375 0.2859375 0.1640625
6 0.50078125 0.8328125 0.31015625 0.1671875
6 0.8234375 0.8375 0.28984375 0.17578125