6 0.2390625 0.15703125 0.2453125 0.103125
6 0.53125 0.1703125 0.2109375 0.11484375
6 0.796875 0.17421875 0.23515625 0.11875
6 0.22890625 0.3515625 0.22578125 0.13359375
6 0.5265625 0.3546875 0.2015625 0.1359375
6 0.80546875 0.3625 0.22890625 0.12890625
6 0.1921875 0.54921875 0.23671875 0.1484375
6 0.5140625 0.54453125 0.25625 0.1203125
6 0.82109375 0.5390625 0.2046875 0.11796875
6 0.18203125 0.76484375 0.23203125 0.14140625
6 0.50546875 0.76171875 0.246875 0.17109375
6 0.859375 0.75703125 0.26640625 0.16328125