0 0.2421875 0.2390625 0.04609375 0.15703125
0 0.49921875 0.2421875 0.04765625 0.16484375
0 0.771875 0.24375 0.05390625 0.15234375
0 0.2453125 0.4453125 0.04375 0.14921875
0 0.50234375 0.44765625 0.05390625 0.14375
0 0.7640625 0.44765625 0.04609375 0.14375
0 0.240625 0.6546875 0.0421875 0.15546875
0 0.5015625 0.659375 0.0515625 0.1609375
0 0.7765625 0.6609375 0.04765625 0.1609375
0 0.2359375 0.85390625 0.03984375 0.15390625
0 0.49296875 0.85234375 0.03046875 0.15703125
0 0.775 0.86171875 0.059375 0.16640625
5 0.2390625 0.303125 0.04140625 0.02890625
5 0.490625 0.3 0.034375 0.02890625
5 0.76484375 0.2984375 0.04453125 0.02578125
5 0.2421875 0.50703125 0.0484375 0.0234375
5 0.4921875 0.50390625 0.0359375 0.0265625
5 0.75703125 0.50546875 0.04296875 0.03359375
5 0.23828125 0.7234375 0.034375 0.025
5 0.49921875 0.71953125 0.03125 0.02578125
5 0.76796875 0.71796875 0.03125 0.0203125
5 0.22890625 0.91875 0.0359375 0.02578125
5 0.48828125 0.925 0.0390625 0.02890625
5 0.77578125 0.925 0.03984375 0.025