6 0.2015625 0.1390625 0.21875 0.12421875
6 0.5109375 0.15390625 0.240625 0.11171875
6 0.80546875 0.15625 0.259375 0.11640625
6 0.1828125 0.32265625 0.2265625 0.13671875
6 0.50078125 0.31484375 0.253125 0.12109375
6 0.796875 0.3171875 0.26171875 0.11328125
6 0.17890625 0.52578125 0.2390625 0.13515625
6 0.47578125 0.5140625 0.25703125 0.13046875
6 0.778125 0.5015625 0.265625 0.11953125
6 0.165625 0.7390625 0.25703125 0.1546875
6 0.4859375 0.7203125 0.2734375 0.140625
6 0.8109375 0.725 0.278125 0.12578125