6 0.2421875 0.12421875 0.2734375 0.13046875
6 0.5421875 0.12265625 0.253125 0.13359375
6 0.83046875 0.11015625 0.27109375 0.13359375
6 0.228125 0.3 0.26484375 0.12734375
6 0.534375 0.30859375 0.25703125 0.1453125
6 0.8375 0.30390625 0.2734375 0.12578125
6 0.2125 0.54140625 0.29765625 0.17109375
6 0.53515625 0.546875 0.246875 0.16953125
6 0.8484375 0.55 0.28359375 0.1828125
6 0.18359375 0.7578125 0.29765625 0.15859375
6 0.52109375 0.7609375 0.29921875 0.17734375
6 0.8578125 0.77421875 0.26875 0.18046875