6 0.19296875 0.13046875 0.25546875 0.11328125
6 0.528125 0.13046875 0.24296875 0.10078125
6 0.8453125 0.11328125 0.2328125 0.096875
6 0.13984375 0.296875 0.22265625 0.10234375
6 0.46796875 0.296875 0.2984375 0.10234375
6 0.834375 0.278125 0.2796875 0.10546875
6 0.14375 0.50625 0.25546875 0.11484375
6 0.47578125 0.496875 0.2734375 0.11953125
6 0.84140625 0.484375 0.28203125 0.09765625
6 0.1375 0.759375 0.259375 0.1484375
6 0.49765625 0.7515625 0.3203125 0.1578125
6 0.84921875 0.7421875 0.30078125 0.1328125