6 0.1859375 0.12109375 0.26875 0.16015625
6 0.5234375 0.12265625 0.23671875 0.1546875
6 0.8171875 0.121875 0.25703125 0.1828125
6 0.1828125 0.33984375 0.31171875 0.153125
6 0.5328125 0.33671875 0.31953125 0.12578125
6 0.8578125 0.3359375 0.23671875 0.1453125
6 0.1890625 0.55625 0.29140625 0.146875
6 0.5640625 0.553125 0.3296875 0.159375
6 0.86875 0.55390625 0.23046875 0.1546875
6 0.1546875 0.765625 0.26328125 0.153125
6 0.509375 0.76484375 0.3015625 0.17890625
6 0.85234375 0.75859375 0.25546875 0.17890625