6 0.1953125 0.05703125 0.2796875 0.0953125
6 0.5359375 0.065625 0.21875 0.10234375
6 0.8078125 0.065625 0.20625 0.10546875
6 0.17578125 0.215625 0.26953125 0.12734375
6 0.528125 0.21015625 0.18203125 0.10078125
6 0.8140625 0.2015625 0.2265625 0.10546875
6 0.15234375 0.39296875 0.26328125 0.11171875
6 0.52265625 0.3859375 0.23671875 0.096875
6 0.80703125 0.38046875 0.22890625 0.10390625
6 0.1453125 0.56328125 0.2734375 0.09375
6 0.4984375 0.5640625 0.225 0.13203125
6 0.8078125 0.5640625 0.23046875 0.14375