3 0.1359375 0.140625 0.04453125 0.1625
3 0.4859375 0.1421875 0.04453125 0.16328125
3 0.85859375 0.14296875 0.03984375 0.165625
3 0.14296875 0.39375 0.0375 0.15234375
3 0.484375 0.39140625 0.0375 0.14765625
3 0.846875 0.38515625 0.03671875 0.1421875
3 0.15390625 0.6203125 0.03984375 0.16875
3 0.4875 0.621875 0.04453125 0.17265625
3 0.8375 0.6078125 0.0515625 0.1625
3 0.15703125 0.82265625 0.05390625 0.13984375
3 0.48984375 0.81875 0.04296875 0.14765625
3 0.82890625 0.79921875 0.04765625 0.12890625
5 0.134375 0.0765625 0.0421875 0.03359375
5 0.48359375 0.0734375 0.0375 0.0265625
5 0.859375 0.078125 0.046875 0.04296875
5 0.1390625 0.334375 0.0375 0.02578125
5 0.484375 0.334375 0.0390625 0.0328125
5 0.84765625 0.32890625 0.034375 0.03046875
5 0.14921875 0.55234375 0.034375 0.028125
5 0.4859375 0.5515625 0.04453125 0.03359375
5 0.8328125 0.54375 0.05078125 0.03359375
5 0.15546875 0.7703125 0.04453125 0.034375
5 0.48359375 0.7625 0.034375 0.02890625
5 0.82734375 0.75859375 0.04296875 0.0453125