0 0.17734375 0.19375 0.075 0.15078125
0 0.4375 0.19296875 0.053125 0.1328125
0 0.728125 0.2015625 0.04609375 0.1390625
0 0.16328125 0.3890625 0.059375 0.15078125
0 0.434375 0.3859375 0.059375 0.15078125
0 0.73203125 0.3921875 0.0421875 0.1421875
0 0.15 0.5890625 0.04609375 0.159375
0 0.43125 0.590625 0.065625 0.165625
0 0.7359375 0.59453125 0.05703125 0.15625
0 0.14140625 0.80234375 0.05078125 0.1578125
0 0.42265625 0.7984375 0.05703125 0.15546875
0 0.7390625 0.8 0.06796875 0.14921875
5 0.1703125 0.2453125 0.0484375 0.0234375
5 0.43828125 0.25 0.0515625 0.0234375
5 0.73046875 0.2578125 0.04453125 0.025
5 0.1578125 0.44609375 0.03984375 0.021875
5 0.4328125 0.44453125 0.0546875 0.02578125
5 0.73359375 0.44765625 0.0515625 0.0375
5 0.15234375 0.65703125 0.05625 0.034375
5 0.4296875 0.65625 0.071875 0.034375
5 0.7359375 0.65625 0.05625 0.03671875
5 0.14609375 0.86953125 0.0515625 0.021875
5 0.425 0.86875 0.0671875 0.0375
5 0.74609375 0.871875 0.07890625 0.04765625