6 0.1953125 0.096875 0.29609375 0.11328125
6 0.5109375 0.0828125 0.24921875 0.0859375
6 0.8 0.071875 0.2515625 0.10546875
6 0.18671875 0.24765625 0.29609375 0.10234375
6 0.51953125 0.240625 0.25546875 0.09765625
6 0.8171875 0.21953125 0.25703125 0.0953125
6 0.1734375 0.39765625 0.2859375 0.11171875
6 0.51171875 0.38828125 0.26328125 0.10546875
6 0.83203125 0.3671875 0.26328125 0.11484375
6 0.15390625 0.5625 0.28359375 0.12578125
6 0.52421875 0.5359375 0.2796875 0.10546875
6 0.82890625 0.5234375 0.240625 0.0875