6 0.1828125 0.10859375 0.259375 0.12890625
6 0.50625 0.10703125 0.21875 0.1015625
6 0.8078125 0.08671875 0.23125 0.11484375
6 0.153125 0.29140625 0.21640625 0.07421875
6 0.4765625 0.29765625 0.2796875 0.1078125
6 0.828125 0.2578125 0.27890625 0.12109375
6 0.1390625 0.5046875 0.2484375 0.1046875
6 0.4609375 0.49765625 0.2734375 0.11328125
6 0.840625 0.47265625 0.29140625 0.12109375
6 0.14765625 0.76875 0.2859375 0.12109375
6 0.4640625 0.75859375 0.25078125 0.12109375
6 0.78984375 0.75234375 0.259375 0.1421875