6 0.2171875 0.12890625 0.27578125 0.13515625
6 0.64921875 0.128125 0.265625 0.11796875
6 0.88359375 0.12578125 0.16953125 0.0890625
6 0.21640625 0.36875 0.3390625 0.13671875
6 0.60859375 0.31484375 0.23671875 0.11484375
6 0.88046875 0.31171875 0.20859375 0.09921875
6 0.20703125 0.54921875 0.3734375 0.1703125
6 0.59140625 0.4875 0.26328125 0.13203125
6 0.878125 0.47734375 0.225 0.12109375
6 0.20234375 0.75703125 0.371875 0.175
6 0.56796875 0.71796875 0.2859375 0.1703125
6 0.865625 0.7171875 0.24921875 0.16875