6 0.175 0.096875 0.23515625 0.12734375
6 0.4640625 0.0921875 0.246875 0.11484375
6 0.759375 0.08515625 0.22265625 0.13359375
6 0.1953125 0.2890625 0.2875 0.17890625
6 0.5359375 0.2546875 0.26484375 0.16640625
6 0.79296875 0.24921875 0.21640625 0.153125
6 0.1734375 0.50859375 0.29375 0.12734375
6 0.53984375 0.4953125 0.3140625 0.12734375
6 0.85546875 0.47578125 0.2328125 0.11796875
6 0.16875 0.69453125 0.31171875 0.146875
6 0.54609375 0.684375 0.309375 0.1546875
6 0.85703125 0.6890625 0.22265625 0.16015625