6 0.20703125 0.04609375 0.2390625 0.0890625
6 0.51484375 0.05546875 0.1796875 0.0890625
6 0.84765625 0.05 0.18828125 0.078125
6 0.16953125 0.25546875 0.2 0.10859375
6 0.5359375 0.2640625 0.19375 0.11015625
6 0.86796875 0.26328125 0.22890625 0.08125
6 0.15625 0.50390625 0.271875 0.12109375
6 0.5546875 0.50234375 0.24296875 0.10546875
6 0.86171875 0.49453125 0.21640625 0.084375
6 0.1328125 0.75859375 0.2203125 0.11640625
6 0.5546875 0.7609375 0.26328125 0.12109375
6 0.88203125 0.74921875 0.22890625 0.11015625