6 0.2125 0.134375 0.2734375 0.1453125
6 0.49140625 0.134375 0.246875 0.10859375
6 0.78515625 0.12734375 0.2671875 0.12578125
6 0.20625 0.33203125 0.240625 0.12109375
6 0.5046875 0.33828125 0.2734375 0.12109375
6 0.79765625 0.34921875 0.246875 0.12265625
6 0.20859375 0.56171875 0.31015625 0.1390625
6 0.49140625 0.56171875 0.21875 0.1421875
6 0.79375 0.571875 0.2921875 0.16875
6 0.21328125 0.7953125 0.29609375 0.20546875
6 0.51953125 0.78046875 0.23046875 0.1578125
6 0.8078125 0.796875 0.2796875 0.165625