3 0.13046875 0.17734375 0.0359375 0.13359375
3 0.44140625 0.17578125 0.034375 0.13046875
3 0.81953125 0.18359375 0.0421875 0.13671875
3 0.13046875 0.3828125 0.03984375 0.14765625
3 0.4390625 0.3828125 0.046875 0.14921875
3 0.80859375 0.38515625 0.04375 0.159375
3 0.13515625 0.571875 0.0546875 0.1421875
3 0.44453125 0.55234375 0.0453125 0.103125
3 0.80390625 0.56796875 0.059375 0.134375
3 0.1265625 0.8015625 0.05 0.1765625
3 0.4375 0.80390625 0.0375 0.17734375
3 0.7765625 0.79140625 0.0375 0.14765625
5 0.1328125 0.12421875 0.04375 0.03046875
5 0.43984375 0.121875 0.0421875 0.02265625
5 0.81875 0.13046875 0.03125 0.02265625
5 0.13203125 0.31875 0.0390625 0.03125
5 0.4390625 0.3234375 0.046875 0.03125
5 0.80546875 0.31796875 0.0421875 0.02734375
5 0.13984375 0.515625 0.0609375 0.028125
5 0.44609375 0.509375 0.0421875 0.02734375
5 0.80234375 0.5140625 0.0453125 0.034375
5 0.128125 0.7265625 0.05 0.028125
5 0.4390625 0.73125 0.040625 0.0328125
5 0.78046875 0.72890625 0.0421875 0.03203125