0 0.19296875 0.20546875 0.0484375 0.1078125
0 0.471875 0.21015625 0.05078125 0.1140625
0 0.746875 0.21171875 0.06171875 0.1109375
0 0.184375 0.39609375 0.04375 0.1140625
0 0.4765625 0.39609375 0.059375 0.1078125
0 0.7546875 0.3984375 0.04609375 0.11953125
0 0.18125 0.59609375 0.0546875 0.12578125
0 0.4796875 0.58828125 0.03984375 0.11796875
0 0.76171875 0.59140625 0.053125 0.12421875
0 0.17890625 0.8 0.0375 0.12578125
0 0.4796875 0.79375 0.06171875 0.14453125
0 0.76953125 0.78828125 0.0421875 0.1359375
5 0.1921875 0.24453125 0.04296875 0.02578125
5 0.4734375 0.2546875 0.04609375 0.02890625
5 0.74921875 0.2484375 0.0390625 0.0234375
5 0.18828125 0.43984375 0.0390625 0.0265625
5 0.47265625 0.4375 0.0328125 0.03125
5 0.75625 0.44375 0.04140625 0.034375
5 0.1796875 0.63671875 0.0359375 0.02578125
5 0.4765625 0.6375 0.03046875 0.02890625
5 0.7578125 0.63515625 0.02734375 0.0265625
5 0.18203125 0.840625 0.03984375 0.02578125
5 0.478125 0.8390625 0.04765625 0.03671875
5 0.76953125 0.83671875 0.02578125 0.0265625