6 0.16875 0.08046875 0.2390625 0.10859375
6 0.5046875 0.08515625 0.240625 0.12421875
6 0.8171875 0.0859375 0.253125 0.13515625
6 0.16015625 0.2453125 0.25546875 0.11640625
6 0.5078125 0.246875 0.271875 0.11328125
6 0.8375 0.2375 0.2734375 0.11953125
6 0.1625 0.42578125 0.25546875 0.1421875
6 0.5109375 0.409375 0.25703125 0.12890625
6 0.83671875 0.396875 0.28359375 0.11015625
6 0.1734375 0.6109375 0.2984375 0.1453125
6 0.53515625 0.584375 0.31875 0.13046875
6 0.8515625 0.584375 0.2859375 0.13359375