6 0.215625 0.10546875 0.24296875 0.13359375
6 0.51875 0.115625 0.2328125 0.13671875
6 0.85546875 0.12421875 0.240625 0.12890625
6 0.20234375 0.2890625 0.265625 0.1390625
6 0.50859375 0.31171875 0.2453125 0.1484375
6 0.846875 0.321875 0.25546875 0.15
6 0.18203125 0.5328125 0.26171875 0.1546875
6 0.5140625 0.54453125 0.271875 0.1546875
6 0.85078125 0.55 0.24296875 0.140625
6 0.1796875 0.7734375 0.2859375 0.13359375
6 0.51953125 0.77890625 0.271875 0.1671875
6 0.85078125 0.78671875 0.28359375 0.1609375