6 0.209375 0.07890625 0.2265625 0.11484375
6 0.5328125 0.0796875 0.24921875 0.10390625
6 0.840625 0.0640625 0.259375 0.10234375
6 0.19375 0.28359375 0.2125 0.14375
6 0.48984375 0.2609375 0.265625 0.12265625
6 0.815625 0.24765625 0.27578125 0.12109375
6 0.16875 0.465625 0.23515625 0.12265625
6 0.46171875 0.46015625 0.2734375 0.10703125
6 0.80234375 0.43984375 0.31015625 0.1375
6 0.13671875 0.69140625 0.23671875 0.13515625
6 0.43203125 0.6703125 0.28828125 0.12734375
6 0.77890625 0.6609375 0.34140625 0.1390625