6 0.2203125 0.1234375 0.28203125 0.17890625
6 0.56484375 0.12734375 0.22265625 0.17734375
6 0.83203125 0.13984375 0.1984375 0.13515625
6 0.21953125 0.3796875 0.325 0.17578125
6 0.565625 0.384375 0.2734375 0.1703125
6 0.8515625 0.3703125 0.23671875 0.1390625
6 0.19609375 0.59765625 0.29375 0.146875
6 0.55078125 0.58828125 0.246875 0.15625
6 0.8578125 0.59140625 0.2453125 0.153125
6 0.19375 0.8421875 0.28984375 0.19765625
6 0.540625 0.8359375 0.2515625 0.18828125
6 0.846875 0.82265625 0.259375 0.19609375