6 0.15234375 0.1078125 0.17734375 0.11953125
6 0.37890625 0.11328125 0.21484375 0.12265625
6 0.62265625 0.1140625 0.20390625 0.11796875
6 0.84140625 0.10546875 0.17578125 0.13046875
6 0.14296875 0.2640625 0.2125 0.10078125
6 0.3890625 0.28828125 0.165625 0.13203125
6 0.65390625 0.2671875 0.2328125 0.0921875
6 0.8984375 0.25546875 0.18828125 0.10234375
6 0.14921875 0.503125 0.25703125 0.11953125
6 0.4234375 0.4953125 0.26328125 0.11640625
6 0.68828125 0.47578125 0.2328125 0.12109375
6 0.90859375 0.45859375 0.1796875 0.12578125
6 0.1171875 0.75625 0.20625 0.12109375
6 0.37890625 0.76015625 0.25546875 0.146875
6 0.65390625 0.73125 0.240625 0.12578125
6 0.89453125 0.71015625 0.19609375 0.11171875