6 0.16953125 0.10625 0.23671875 0.0921875
6 0.53125 0.11484375 0.24921875 0.09765625
6 0.85859375 0.11796875 0.22265625 0.11328125
6 0.15703125 0.2796875 0.25703125 0.11796875
6 0.54921875 0.2859375 0.21640625 0.09921875
6 0.8703125 0.2890625 0.2578125 0.121875
6 0.153125 0.5078125 0.26953125 0.10546875
6 0.51171875 0.49375 0.21015625 0.12578125
6 0.86015625 0.48359375 0.23671875 0.12421875
6 0.13671875 0.74140625 0.2453125 0.12890625
6 0.4859375 0.71796875 0.253125 0.1484375
6 0.85 0.68515625 0.253125 0.1375