6 0.18671875 0.08515625 0.22265625 0.09921875
6 0.53203125 0.09296875 0.2515625 0.13671875
6 0.80234375 0.09453125 0.2328125 0.11796875
6 0.1828125 0.271875 0.2515625 0.12109375
6 0.4984375 0.26875 0.2328125 0.12578125
6 0.8015625 0.2765625 0.259375 0.11796875
6 0.19296875 0.44296875 0.29609375 0.12890625
6 0.52265625 0.43984375 0.26953125 0.12890625
6 0.80546875 0.43828125 0.22265625 0.12890625
6 0.1671875 0.62109375 0.253125 0.13359375
6 0.5015625 0.6234375 0.28359375 0.153125
6 0.83203125 0.62109375 0.3 0.15