3 0.178125 0.18984375 0.05859375 0.1953125
3 0.51875 0.16796875 0.0546875 0.16953125
3 0.8265625 0.17265625 0.0609375 0.15703125
3 0.18203125 0.4375 0.0671875 0.16640625
3 0.5109375 0.409375 0.03984375 0.16953125
3 0.81640625 0.384375 0.0546875 0.17421875
3 0.184375 0.6390625 0.071875 0.16328125
3 0.50625 0.6328125 0.05 0.18125
3 0.809375 0.6015625 0.05234375 0.16953125
3 0.1953125 0.85546875 0.05390625 0.2
3 0.50703125 0.8421875 0.06953125 0.184375
3 0.79921875 0.7984375 0.05859375 0.17109375
5 0.175 0.109375 0.06484375 0.04921875
5 0.51796875 0.1015625 0.0484375 0.0421875
5 0.83046875 0.1109375 0.0640625 0.03359375
5 0.17421875 0.36875 0.03046875 0.0234375
5 0.5078125 0.3359375 0.02734375 0.01640625
5 0.815625 0.315625 0.06171875 0.04921875
5 0.178125 0.575 0.059375 0.03671875
5 0.4984375 0.55390625 0.0453125 0.0375
5 0.81015625 0.53203125 0.053125 0.0375
5 0.1953125 0.7703125 0.04375 0.0234375
5 0.5 0.7640625 0.06640625 0.03515625
5 0.79375 0.7296875 0.0671875 0.03828125