0 0.209375 0.20625 0.0359375 0.1390625
0 0.42109375 0.21484375 0.04375 0.15234375
0 0.5984375 0.2140625 0.0375 0.1375
0 0.2109375 0.3953125 0.04609375 0.14921875
0 0.41484375 0.39453125 0.04453125 0.140625
0 0.19765625 0.58203125 0.0546875 0.1578125
0 0.4171875 0.58671875 0.0265625 0.1578125
0 0.60234375 0.578125 0.04453125 0.15078125
0 0.60078125 0.39609375 0.05078125 0.14453125
0 0.1953125 0.78203125 0.05078125 0.1640625
0 0.5953125 0.7765625 0.0484375 0.16875
0 0.421875 0.77265625 0.059375 0.18828125
5 0.21171875 0.27421875 0.04453125 0.03671875
5 0.42109375 0.278125 0.0359375 0.028125
5 0.59453125 0.2765625 0.0359375 0.025
5 0.20546875 0.4546875 0.0359375 0.02890625
5 0.41640625 0.46015625 0.03046875 0.0234375
5 0.59453125 0.4546875 0.0390625 0.03125
5 0.19609375 0.6484375 0.034375 0.02578125
5 0.41640625 0.64609375 0.0359375 0.028125
5 0.5953125 0.64765625 0.02734375 0.02578125
5 0.18984375 0.846875 0.02421875 0.028125
5 0.41328125 0.84140625 0.04140625 0.03046875
5 0.59765625 0.83984375 0.0375 0.0265625