6 0.1765625 0.15234375 0.20625 0.12109375
6 0.46328125 0.16015625 0.2453125 0.10546875
6 0.784375 0.1609375 0.23671875 0.11640625
6 0.16328125 0.3546875 0.2859375 0.12109375
6 0.47265625 0.365625 0.2390625 0.1421875
6 0.77578125 0.365625 0.26171875 0.12734375
6 0.15859375 0.56953125 0.2921875 0.1421875
6 0.48125 0.584375 0.259375 0.1484375
6 0.80859375 0.59296875 0.30625 0.15
6 0.171875 0.78359375 0.32265625 0.1421875
6 0.4984375 0.80703125 0.2859375 0.1578125
6 0.840625 0.8109375 0.29609375 0.146875