6 0.21171875 0.13046875 0.23046875 0.0859375
6 0.56640625 0.1515625 0.20234375 0.10546875
6 0.81015625 0.15234375 0.1734375 0.11796875
6 0.23828125 0.3453125 0.3046875 0.1375
6 0.5515625 0.34765625 0.19609375 0.12890625
6 0.79765625 0.35 0.21484375 0.10546875
6 0.19609375 0.56953125 0.278125 0.12734375
6 0.5515625 0.53125 0.21640625 0.11484375
6 0.8171875 0.54375 0.2453125 0.11015625
6 0.21953125 0.7546875 0.3578125 0.1546875
6 0.56640625 0.75859375 0.2265625 0.146875
6 0.83828125 0.7546875 0.27578125 0.1421875