6 0.171875 0.084375 0.26171875 0.12890625
6 0.4859375 0.08203125 0.23671875 0.10859375
6 0.834375 0.0875 0.24296875 0.11328125
6 0.1640625 0.2421875 0.27578125 0.13203125
6 0.50546875 0.246875 0.28359375 0.11953125
6 0.853125 0.2328125 0.246875 0.09765625
6 0.15703125 0.4984375 0.2859375 0.15625
6 0.51171875 0.48359375 0.3 0.13046875
6 0.86484375 0.459375 0.2671875 0.1390625
6 0.159375 0.69921875 0.30625 0.1546875
6 0.5375 0.70859375 0.2984375 0.17578125
6 0.86484375 0.696875 0.25546875 0.1609375