6 0.19375 0.18125 0.23828125 0.1328125
6 0.50078125 0.184375 0.275 0.14453125
6 0.81015625 0.1921875 0.265625 0.1625
6 0.2015625 0.38046875 0.24296875 0.15078125
6 0.4921875 0.38984375 0.25234375 0.15234375
6 0.809375 0.3859375 0.29921875 0.17109375
6 0.19765625 0.59765625 0.21796875 0.1234375
6 0.49375 0.60625 0.25234375 0.146875
6 0.809375 0.6046875 0.25078125 0.15390625
6 0.20625 0.79921875 0.2421875 0.1234375
6 0.50078125 0.8046875 0.26015625 0.13359375
6 0.80859375 0.80859375 0.25703125 0.14375