6 0.19296875 0.1140625 0.2171875 0.1203125
6 0.49140625 0.12265625 0.21953125 0.1296875
6 0.803125 0.1203125 0.2578125 0.13359375
6 0.184375 0.33125 0.2203125 0.18203125
6 0.50390625 0.328125 0.24296875 0.11953125
6 0.8234375 0.325 0.275 0.12265625
6 0.2046875 0.534375 0.253125 0.13359375
6 0.5640625 0.53359375 0.2875 0.1390625
6 0.84921875 0.5265625 0.209375 0.12890625
6 0.196875 0.753125 0.246875 0.16484375
6 0.52421875 0.759375 0.26796875 0.17421875
6 0.84765625 0.7484375 0.26796875 0.16328125