3 0.1546875 0.17421875 0.03359375 0.115625
3 0.5078125 0.1796875 0.03359375 0.1109375
3 0.86328125 0.190625 0.03203125 0.1359375
3 0.15703125 0.378125 0.03203125 0.11484375
3 0.51328125 0.38671875 0.040625 0.12578125
3 0.85078125 0.3828125 0.04375 0.11796875
3 0.16171875 0.57734375 0.046875 0.16796875
3 0.51484375 0.57734375 0.040625 0.1625
3 0.84296875 0.57421875 0.0484375 0.16796875
3 0.16484375 0.759375 0.03203125 0.08984375
3 0.5140625 0.7484375 0.03046875 0.0765625
3 0.8125 0.75859375 0.03046875 0.090625
5 0.153125 0.12890625 0.03671875 0.02265625
5 0.5078125 0.13671875 0.03671875 0.02421875
5 0.86328125 0.1359375 0.040625 0.0390625
5 0.15390625 0.334375 0.046875 0.01953125
5 0.51171875 0.33828125 0.05 0.03671875
5 0.85 0.33671875 0.0453125 0.02890625
5 0.159375 0.50703125 0.0515625 0.025
5 0.5109375 0.50859375 0.03984375 0.03046875
5 0.8390625 0.5046875 0.053125 0.0375
5 0.16328125 0.725 0.04375 0.02578125
5 0.515625 0.72421875 0.0421875 0.03125
5 0.8125 0.72578125 0.0453125 0.02734375