0 0.2765625 0.1359375 0.05703125 0.1109375
0 0.26796875 0.35234375 0.03984375 0.109375
0 0.2625 0.5640625 0.0640625 0.12265625
0 0.24453125 0.75859375 0.0421875 0.12265625
0 0.57890625 0.15 0.053125 0.109375
0 0.55 0.35546875 0.0484375 0.1125
0 0.80078125 0.36875 0.05546875 0.12578125
0 0.80703125 0.16015625 0.04609375 0.109375
0 0.55390625 0.56953125 0.0640625 0.1328125
0 0.8125 0.58125 0.06171875 0.12578125
0 0.55 0.76640625 0.0484375 0.1328125
0 0.809375 0.77890625 0.0421875 0.14453125
5 0.2734375 0.1703125 0.0359375 0.01953125
5 0.578125 0.18359375 0.03046875 0.0203125
5 0.80546875 0.19296875 0.0375 0.03046875
5 0.26328125 0.4 0.03046875 0.02890625
5 0.54921875 0.4 0.03125 0.02890625
5 0.80546875 0.409375 0.03125 0.028125
5 0.26015625 0.609375 0.03046875 0.03203125
5 0.54453125 0.6078125 0.0546875 0.0375
5 0.80703125 0.61953125 0.05703125 0.040625
5 0.25 0.80625 0.0703125 0.04453125
5 0.53984375 0.821875 0.04453125 0.03671875
5 0.8046875 0.834375 0.04765625 0.03984375