6 0.2296875 0.11640625 0.21875 0.11328125
6 0.5125 0.128125 0.2 0.12734375
6 0.82734375 0.134375 0.21640625 0.11796875
6 0.20234375 0.32265625 0.23671875 0.12421875
6 0.52578125 0.32265625 0.2265625 0.11796875
6 0.82421875 0.325 0.23046875 0.12265625
6 0.19609375 0.5609375 0.2734375 0.140625
6 0.54765625 0.55703125 0.278125 0.12109375
6 0.83984375 0.56328125 0.23671875 0.1515625
6 0.2015625 0.778125 0.2796875 0.146875
6 0.565625 0.7765625 0.2859375 0.1390625
6 0.875 0.78515625 0.20625 0.13046875