6 0.1859375 0.19375 0.17734375 0.11953125
6 0.47421875 0.1796875 0.16875 0.08203125
6 0.78828125 0.19765625 0.2296875 0.12421875
6 0.215625 0.40078125 0.22578125 0.13828125
6 0.48828125 0.39375 0.21015625 0.1234375
6 0.803125 0.396875 0.228125 0.128125
6 0.1921875 0.58046875 0.17578125 0.08203125
6 0.478125 0.59765625 0.1953125 0.12734375
6 0.778125 0.60390625 0.20625 0.1265625
6 0.1984375 0.76640625 0.17421875 0.1171875
6 0.4859375 0.76875 0.1984375 0.11328125
6 0.790625 0.7734375 0.215625 0.1265625