3 0.16484375 0.17578125 0.0421875 0.14140625
3 0.48984375 0.19453125 0.0515625 0.17578125
3 0.86484375 0.19609375 0.0546875 0.17578125
3 0.15703125 0.4109375 0.0359375 0.15859375
3 0.48125 0.4140625 0.046875 0.1671875
3 0.853125 0.4078125 0.040625 0.15
3 0.16328125 0.6125 0.0453125 0.14921875
3 0.48828125 0.61796875 0.0546875 0.1578125
3 0.8453125 0.62109375 0.04375 0.16875
3 0.15546875 0.81328125 0.0453125 0.12265625
3 0.475 0.78359375 0.040625 0.0671875
3 0.8421875 0.78046875 0.04375 0.06640625
5 0.165625 0.11953125 0.04375 0.0296875
5 0.4859375 0.1203125 0.04375 0.0265625
5 0.86484375 0.121875 0.0578125 0.02109375
5 0.15546875 0.3453125 0.0546875 0.02578125
5 0.48125 0.346875 0.0625 0.0359375
5 0.85546875 0.3453125 0.0515625 0.02890625
5 0.16328125 0.55078125 0.0546875 0.03125
5 0.48203125 0.5515625 0.0421875 0.02890625
5 0.84375 0.55234375 0.053125 0.02734375
5 0.16015625 0.76953125 0.0609375 0.0359375
5 0.46875 0.7640625 0.046875 0.0234375
5 0.83984375 0.76328125 0.0421875 0.02421875