0 0.1625 0.16015625 0.053125 0.12265625
0 0.47421875 0.153125 0.059375 0.09921875
0 0.79765625 0.159375 0.03984375 0.09453125
0 0.1671875 0.3109375 0.0640625 0.09296875
0 0.50390625 0.30546875 0.0703125 0.11640625
0 0.8234375 0.2953125 0.075 0.1078125
0 0.16640625 0.4984375 0.0703125 0.1140625
0 0.51484375 0.4828125 0.05703125 0.103125
0 0.85703125 0.4890625 0.0796875 0.09765625
0 0.17734375 0.67734375 0.06640625 0.09296875
0 0.51796875 0.6640625 0.04609375 0.115625
0 0.8546875 0.66484375 0.06171875 0.1046875
5 0.16484375 0.203125 0.06015625 0.021875
5 0.48046875 0.19296875 0.03984375 0.0234375
5 0.79765625 0.184375 0.0359375 0.02578125
5 0.16953125 0.3453125 0.06328125 0.02578125
5 0.49921875 0.3421875 0.06015625 0.02265625
5 0.821875 0.33828125 0.04453125 0.0234375
5 0.171875 0.53671875 0.06015625 0.03125
5 0.51875 0.52265625 0.0515625 0.0171875
5 0.85859375 0.51484375 0.04609375 0.0234375
5 0.171875 0.7203125 0.0546875 0.028125
5 0.51875 0.70234375 0.04609375 0.028125
5 0.8578125 0.69609375 0.07578125 0.03984375