8 0.19375 0.18671875 0.30546875 0.1328125
8 0.4953125 0.19296875 0.28828125 0.1140625
8 0.78046875 0.20078125 0.2734375 0.10078125
8 0.1703125 0.33203125 0.28046875 0.1109375
8 0.4515625 0.33671875 0.26953125 0.1109375
8 0.77109375 0.34296875 0.28828125 0.1125
8 0.16328125 0.48984375 0.2859375 0.115625
8 0.4484375 0.4875 0.25859375 0.10078125
8 0.74609375 0.48828125 0.30390625 0.11875
8 0.140625 0.6671875 0.27109375 0.09765625
8 0.421875 0.66953125 0.2859375 0.10546875
8 0.7328125 0.66875 0.30546875 0.1109375