8 0.1859375 0.13828125 0.33984375 0.1203125
8 0.4921875 0.13984375 0.25234375 0.1140625
8 0.80078125 0.1359375 0.2671875 0.115625
8 0.20078125 0.346875 0.3359375 0.15546875
8 0.52421875 0.34609375 0.28203125 0.15703125
8 0.83046875 0.3375 0.296875 0.15703125
8 0.184375 0.58203125 0.32890625 0.1453125
8 0.53984375 0.575 0.27109375 0.15390625
8 0.83359375 0.571875 0.278125 0.128125
8 0.18203125 0.82734375 0.3078125 0.16484375
8 0.5328125 0.8265625 0.3203125 0.16015625
8 0.853125 0.81875 0.28671875 0.14765625