8 0.18046875 0.14375 0.2265625 0.10859375
8 0.47265625 0.15 0.23515625 0.10859375
8 0.80625 0.14453125 0.209375 0.08515625
8 0.17265625 0.33203125 0.25 0.10703125
8 0.48359375 0.33515625 0.25625 0.1109375
8 0.81484375 0.32734375 0.21796875 0.08828125
8 0.16328125 0.5484375 0.2734375 0.1234375
8 0.515625 0.54765625 0.2859375 0.115625
8 0.8265625 0.5484375 0.24609375 0.10703125
8 0.14921875 0.79375 0.27109375 0.1140625
8 0.4984375 0.79453125 0.26484375 0.10234375
8 0.81171875 0.7921875 0.2671875 0.1140625