0 0.14453125 0.096875 0.03203125 0.10703125
0 0.36875 0.09921875 0.04375 0.1234375
0 0.6375 0.115625 0.03828125 0.12890625
0 0.12734375 0.309375 0.0421875 0.1109375
0 0.3765625 0.31171875 0.04921875 0.1171875
0 0.63046875 0.3015625 0.0484375 0.1390625
0 0.1078125 0.53359375 0.05390625 0.1375
0 0.40546875 0.5171875 0.05859375 0.1609375
0 0.63125 0.50703125 0.06015625 0.15390625
0 0.084375 0.746875 0.053125 0.125
0 0.40234375 0.703125 0.0515625 0.1296875
0 0.6296875 0.69375 0.05859375 0.159375
5 0.14140625 0.12734375 0.03046875 0.0234375
5 0.378125 0.1484375 0.0515625 0.03671875
5 0.63671875 0.1453125 0.040625 0.05
5 0.12265625 0.33984375 0.025 0.02890625
5 0.36796875 0.3546875 0.03203125 0.0296875
5 0.62421875 0.353125 0.040625 0.03828125
5 0.109375 0.58359375 0.04453125 0.0234375
5 0.40546875 0.571875 0.0390625 0.03515625
5 0.62109375 0.56640625 0.0265625 0.02734375
5 0.08671875 0.78671875 0.0453125 0.03046875
5 0.3984375 0.74375 0.034375 0.02890625
5 0.6328125 0.7421875 0.0546875 0.0359375