3 0.1359375 0.11484375 0.02421875 0.03671875
3 0.521875 0.11171875 0.02265625 0.034375
3 0.8453125 0.10859375 0.0234375 0.03359375
3 0.11875 0.359375 0.02890625 0.034375
3 0.5203125 0.35546875 0.0265625 0.0296875
3 0.8453125 0.35625 0.0421875 0.03359375
3 0.115625 0.54296875 0.02265625 0.0390625
3 0.521875 0.54296875 0.03203125 0.04453125
3 0.8453125 0.54140625 0.03515625 0.040625
3 0.11171875 0.75 0.03125 0.0375
3 0.521875 0.75 0.02890625 0.03984375
3 0.84296875 0.75 0.0375 0.04453125
5 0.134375 0.1 0.025 0.01875
5 0.52421875 0.103125 0.028125 0.01328125
5 0.8453125 0.0984375 0.02734375 0.015625
5 0.1203125 0.353125 0.02734375 0.01640625
5 0.5234375 0.346875 0.0265625 0.0109375
5 0.8484375 0.34609375 0.046875 0.02265625
5 0.11484375 0.53125 0.02734375 0.0140625
5 0.52265625 0.5296875 0.025 0.0171875
5 0.8453125 0.528125 0.0328125 0.01640625
5 0.11953125 0.74140625 0.04140625 0.021875
5 0.5265625 0.73984375 0.04375 0.0203125
5 0.84375 0.7375 0.03984375 0.02421875