8 0.17578125 0.18046875 0.24765625 0.09921875
8 0.5875 0.18828125 0.27109375 0.1046875
8 0.87734375 0.1984375 0.2328125 0.09296875
8 0.16953125 0.32890625 0.30390625 0.1203125
8 0.5671875 0.3390625 0.26953125 0.10546875
8 0.85546875 0.3421875 0.25625 0.09609375
8 0.171875 0.553125 0.325 0.16171875
8 0.51796875 0.559375 0.31171875 0.121875
8 0.82421875 0.56484375 0.25859375 0.1140625
8 0.1703125 0.7890625 0.3265625 0.1359375
8 0.5296875 0.803125 0.35234375 0.1390625
8 0.84375 0.80859375 0.27578125 0.125