8 0.2625 0.15546875 0.24609375 0.10234375
8 0.5265625 0.16484375 0.2484375 0.09609375
8 0.77421875 0.16953125 0.23515625 0.09921875
8 0.23046875 0.2875 0.2796875 0.1078125
8 0.51015625 0.2890625 0.27578125 0.09765625
8 0.8 0.3 0.24375 0.09453125
8 0.21328125 0.4421875 0.30546875 0.10234375
8 0.52734375 0.4515625 0.3140625 0.09609375
8 0.8421875 0.4515625 0.25234375 0.10234375
8 0.2015625 0.6015625 0.3421875 0.1203125
8 0.5671875 0.60859375 0.325 0.11171875
8 0.88671875 0.621875 0.215625 0.12265625