8 0.17265625 0.203125 0.2671875 0.14765625
8 0.4640625 0.20546875 0.2609375 0.15859375
8 0.7609375 0.20546875 0.26953125 0.15546875
8 0.1671875 0.41171875 0.3125 0.16015625
8 0.47265625 0.41484375 0.2609375 0.14765625
8 0.76796875 0.41953125 0.26953125 0.14765625
8 0.1546875 0.62890625 0.27734375 0.16484375
8 0.4671875 0.62734375 0.296875 0.14921875
8 0.76796875 0.62734375 0.28203125 0.14609375
8 0.1484375 0.84296875 0.28671875 0.16640625
8 0.4609375 0.846875 0.2796875 0.15234375
8 0.78359375 0.85390625 0.27578125 0.15703125