8 0.2046875 0.153125 0.33125 0.10234375
8 0.54140625 0.1546875 0.26953125 0.10703125
8 0.83203125 0.1546875 0.2390625 0.09453125
8 0.16640625 0.29609375 0.3015625 0.09921875
8 0.4953125 0.29296875 0.27578125 0.08984375
8 0.81484375 0.2921875 0.28203125 0.09140625
8 0.1515625 0.4546875 0.296875 0.115625
8 0.4578125 0.4546875 0.24765625 0.115625
8 0.75625 0.45 0.2796875 0.11171875
8 0.1296875 0.603125 0.25859375 0.1328125
8 0.43125 0.59375 0.27578125 0.1078125
8 0.7484375 0.5921875 0.29453125 0.1140625