3 0.17109375 0.1609375 0.0453125 0.11640625
3 0.475 0.16328125 0.05 0.1234375
3 0.81015625 0.15234375 0.03828125 0.10546875
3 0.17421875 0.34765625 0.0484375 0.14609375
3 0.478125 0.34453125 0.05 0.14453125
3 0.80703125 0.33671875 0.03515625 0.13984375
3 0.1734375 0.54765625 0.05 0.15234375
3 0.48515625 0.52890625 0.05 0.13203125
3 0.7984375 0.528125 0.040625 0.1328125
3 0.1734375 0.7953125 0.046875 0.22265625
3 0.47734375 0.75390625 0.03671875 0.1328125
3 0.77421875 0.7359375 0.03359375 0.08828125
5 0.16796875 0.11640625 0.0421875 0.0265625
5 0.465625 0.11328125 0.03984375 0.0265625
5 0.809375 0.11328125 0.03125 0.025
5 0.1671875 0.28515625 0.03515625 0.021875
5 0.47578125 0.2828125 0.03984375 0.0234375
5 0.8078125 0.28125 0.03671875 0.02265625
5 0.16640625 0.4828125 0.03359375 0.025
5 0.48203125 0.47734375 0.04765625 0.03125
5 0.79765625 0.46953125 0.0515625 0.03515625
5 0.1734375 0.69921875 0.05 0.03046875
5 0.47890625 0.70234375 0.0453125 0.025
5 0.77578125 0.7046875 0.03984375 0.0234375