0 0.24140625 0.2140625 0.0703125 0.1015625
0 0.534375 0.2015625 0.0625 0.10546875
0 0.8375 0.184375 0.07265625 0.09375
0 0.22578125 0.4015625 0.065625 0.1015625
0 0.54296875 0.3703125 0.05703125 0.090625
0 0.865625 0.3703125 0.07265625 0.090625
0 0.2171875 0.6234375 0.08359375 0.08984375
0 0.54375 0.6046875 0.065625 0.10390625
0 0.86796875 0.59296875 0.08359375 0.10390625
0 0.24296875 0.85703125 0.08359375 0.10390625
0 0.5515625 0.84375 0.08046875 0.084375
0 0.86875 0.8359375 0.07265625 0.1
5 0.24453125 0.24609375 0.05859375 0.03359375
5 0.53984375 0.23125 0.0671875 0.0265625
5 0.8328125 0.21640625 0.0484375 0.0234375
5 0.22109375 0.43046875 0.053125 0.03046875
5 0.53515625 0.40078125 0.04765625 0.03203125
5 0.85234375 0.39453125 0.04453125 0.028125
5 0.21171875 0.66171875 0.04453125 0.025
5 0.5453125 0.63828125 0.053125 0.0484375
5 0.87109375 0.6171875 0.04140625 0.0390625
5 0.23515625 0.88828125 0.0546875 0.02890625
5 0.55234375 0.8796875 0.0328125 0.0375
5 0.8765625 0.86484375 0.04453125 0.02578125