8 0.153125 0.06640625 0.25390625 0.09765625
8 0.47734375 0.065625 0.23046875 0.09609375
8 0.7890625 0.0640625 0.2265625 0.08359375
8 0.13203125 0.2484375 0.2453125 0.11171875
8 0.43359375 0.240625 0.2625 0.10703125
8 0.78515625 0.23671875 0.26953125 0.09609375
8 0.13828125 0.515625 0.2625 0.125
8 0.44921875 0.49140625 0.2609375 0.10546875
8 0.84140625 0.471875 0.27109375 0.10078125
8 0.17890625 0.72265625 0.2796875 0.10234375
8 0.53515625 0.70390625 0.24375 0.1109375
8 0.8625 0.70859375 0.2546875 0.1171875