8 0.23671875 0.1375 0.31796875 0.11171875
8 0.571875 0.14921875 0.3140625 0.1203125
8 0.83359375 0.1578125 0.209375 0.09453125
8 0.18671875 0.3265625 0.28203125 0.115625
8 0.50625 0.32109375 0.284375 0.1140625
8 0.803125 0.31328125 0.2796875 0.1109375
8 0.18984375 0.5703125 0.33125 0.15703125
8 0.51328125 0.5453125 0.28671875 0.1265625
8 0.8125 0.5375 0.29453125 0.1421875
8 0.1734375 0.828125 0.3375 0.16015625
8 0.84921875 0.80078125 0.29921875 0.16328125
8 0.51328125 0.81484375 0.325 0.17109375