8 0.2046875 0.11484375 0.30546875 0.115625
8 0.5328125 0.09765625 0.290625 0.128125
8 0.8203125 0.1078125 0.27578125 0.1171875
8 0.16328125 0.3046875 0.30390625 0.1421875
8 0.5015625 0.31328125 0.3265625 0.14296875
8 0.82109375 0.30703125 0.303125 0.1375
8 0.22734375 0.5265625 0.3421875 0.14921875
8 0.57109375 0.52421875 0.25625 0.1328125
8 0.85703125 0.515625 0.28203125 0.125
8 0.1875 0.7546875 0.35234375 0.1765625
8 0.54765625 0.7484375 0.29453125 0.15390625
8 0.8578125 0.73984375 0.278125 0.15390625