3 0.14609375 0.17109375 0.03828125 0.10625
3 0.52265625 0.175 0.03515625 0.109375
3 0.88203125 0.17265625 0.053125 0.1171875
3 0.146875 0.34765625 0.04375 0.12421875
3 0.51953125 0.34609375 0.0484375 0.140625
3 0.8890625 0.34453125 0.06171875 0.14765625
3 0.14765625 0.52109375 0.06484375 0.11171875
3 0.52109375 0.528125 0.06171875 0.14453125
3 0.87421875 0.5140625 0.0546875 0.13203125
3 0.1453125 0.71484375 0.04296875 0.153125
3 0.5171875 0.703125 0.0578125 0.1359375
3 0.865625 0.7 0.0546875 0.14140625
5 0.1421875 0.12890625 0.034375 0.01640625
5 0.51796875 0.12890625 0.03203125 0.01875
5 0.88125 0.13359375 0.04453125 0.03515625
5 0.13828125 0.29609375 0.0375 0.02265625
5 0.5140625 0.29296875 0.0421875 0.025
5 0.884375 0.2859375 0.0609375 0.03359375
5 0.14375 0.4796875 0.0515625 0.0390625
5 0.51640625 0.46953125 0.071875 0.0328125
5 0.87421875 0.465625 0.059375 0.0328125
5 0.15 0.65390625 0.04296875 0.0328125
5 0.515625 0.65234375 0.0640625 0.03125
5 0.8609375 0.6453125 0.0578125 0.034375