8 0.20078125 0.1109375 0.2671875 0.1203125
8 0.51328125 0.1234375 0.26953125 0.09921875
8 0.81796875 0.1234375 0.22890625 0.09609375
8 0.1671875 0.27421875 0.24375 0.1140625
8 0.46640625 0.26796875 0.2734375 0.09453125
8 0.7734375 0.2609375 0.28046875 0.10234375
8 0.1765625 0.4375 0.29296875 0.1125
8 0.4890625 0.4359375 0.31015625 0.10234375
8 0.83828125 0.41875 0.29453125 0.09765625
8 0.18046875 0.5875 0.3375 0.115625
8 0.50625 0.58125 0.2671875 0.11875
8 0.84453125 0.58828125 0.3109375 0.1546875