8 0.228125 0.11015625 0.28359375 0.14140625
8 0.51328125 0.11796875 0.25625 0.13828125
8 0.82109375 0.11796875 0.27734375 0.11875
8 0.15625 0.321875 0.278125 0.14140625
8 0.4421875 0.321875 0.22890625 0.115625
8 0.76640625 0.31484375 0.27109375 0.1171875
8 0.17578125 0.53828125 0.30390625 0.1375
8 0.49921875 0.53359375 0.24140625 0.13125
8 0.81484375 0.5171875 0.2734375 0.13828125
8 0.175 0.81328125 0.296875 0.16484375
8 0.5078125 0.79453125 0.25859375 0.16640625
8 0.84765625 0.78125 0.2796875 0.190625