8 0.215625 0.10625 0.309375 0.171875
8 0.5234375 0.1125 0.29296875 0.15859375
8 0.80546875 0.11875 0.2453125 0.1421875
8 0.22578125 0.325 0.31015625 0.15390625
8 0.53125 0.32890625 0.2796875 0.15234375
8 0.82890625 0.33828125 0.27109375 0.1421875
8 0.22734375 0.5546875 0.31640625 0.14609375
8 0.53046875 0.5609375 0.26484375 0.16328125
8 0.81875 0.56328125 0.26953125 0.15859375
8 0.23046875 0.79375 0.3265625 0.203125
8 0.56171875 0.7796875 0.2671875 0.15390625
8 0.84609375 0.78515625 0.28828125 0.15703125