8 0.1234375 0.07734375 0.215625 0.09765625
8 0.3546875 0.071875 0.203125 0.10546875
8 0.6 0.07265625 0.190625 0.1171875
8 0.85078125 0.075 0.20546875 0.115625
8 0.1296875 0.328125 0.2375 0.128125
8 0.37109375 0.3265625 0.24609375 0.125
8 0.61484375 0.3046875 0.21171875 0.1109375
8 0.859375 0.27109375 0.2265625 0.1140625
8 0.3546875 0.54140625 0.2203125 0.11171875
8 0.609375 0.50703125 0.22265625 0.1140625
8 0.84921875 0.496875 0.221875 0.14140625
8 0.10625 0.80546875 0.190625 0.13828125
8 0.359375 0.79921875 0.23515625 0.1375
8 0.6109375 0.77734375 0.19453125 0.1296875
8 0.8546875 0.75546875 0.2328125 0.1234375