8 0.19921875 0.13984375 0.35078125 0.15234375
8 0.58359375 0.12890625 0.303125 0.14609375
8 0.859375 0.1203125 0.23515625 0.14296875
8 0.171875 0.33125 0.29921875 0.15390625
8 0.5125 0.328125 0.28828125 0.16328125
8 0.81796875 0.31484375 0.28359375 0.15859375
8 0.1640625 0.565625 0.28828125 0.14765625
8 0.4578125 0.553125 0.2609375 0.16171875
8 0.74921875 0.5375 0.29296875 0.16484375
8 0.146875 0.79296875 0.284375 0.14140625
8 0.4484375 0.7796875 0.27109375 0.16171875
8 0.78359375 0.75546875 0.3265625 0.184375