3 0.11640625 0.2984375 0.03515625 0.1703125
3 0.121875 0.44375 0.034375 0.13046875
3 0.1234375 0.59375 0.03828125 0.175
3 0.128125 0.79296875 0.053125 0.21328125
3 0.32109375 0.26171875 0.0359375 0.1078125
3 0.328125 0.3703125 0.0359375 0.109375
3 0.3375 0.50703125 0.04296875 0.1734375
3 0.35546875 0.67109375 0.03828125 0.14921875
3 0.53984375 0.27265625 0.0390625 0.13828125
3 0.54609375 0.43046875 0.04296875 0.1796875
3 0.55390625 0.596875 0.05546875 0.15625
3 0.56171875 0.7578125 0.0484375 0.175
3 0.8109375 0.2640625 0.03828125 0.13046875
3 0.81171875 0.3953125 0.0453125 0.13515625
3 0.81484375 0.53984375 0.05078125 0.15234375
3 0.81640625 0.696875 0.03828125 0.165625
5 0.11484375 0.23125 0.0296875 0.04296875
5 0.31796875 0.23203125 0.034375 0.04921875
5 0.53125 0.21640625 0.025 0.021875
5 0.81015625 0.21953125 0.04609375 0.03671875
5 0.11953125 0.39609375 0.05078125 0.03359375
5 0.3234375 0.33203125 0.0328125 0.03125
5 0.5453125 0.35234375 0.04296875 0.02890625
5 0.81015625 0.3453125 0.03671875 0.03671875
5 0.12734375 0.5265625 0.040625 0.0390625
5 0.3328125 0.440625 0.0578125 0.0390625
5 0.55625 0.540625 0.0640625 0.04375
5 0.8078125 0.48046875 0.05234375 0.040625
5 0.1265625 0.7046875 0.0546875 0.0375
5 0.3515625 0.60859375 0.02890625 0.021875
5 0.55546875 0.68515625 0.05078125 0.0265625
5 0.81875 0.628125 0.03515625 0.02890625