0 0.146875 0.0859375 0.0421875 0.09453125
0 0.50078125 0.09296875 0.0484375 0.1140625
0 0.83828125 0.11015625 0.0703125 0.10625
0 0.14765625 0.3 0.0703125 0.12421875
0 0.5359375 0.309375 0.0796875 0.1328125
0 0.85234375 0.32578125 0.05078125 0.12578125
0 0.12578125 0.53359375 0.0484375 0.1109375
0 0.5328125 0.53671875 0.059375 0.1140625
0 0.83125 0.5375 0.05703125 0.11953125
0 0.12109375 0.7703125 0.053125 0.1375
0 0.55546875 0.76796875 0.075 0.12578125
0 0.8390625 0.778125 0.06796875 0.1296875
5 0.14296875 0.12734375 0.03984375 0.0203125
5 0.50390625 0.13359375 0.0390625 0.025
5 0.84609375 0.14765625 0.03125 0.021875
5 0.14453125 0.35234375 0.02890625 0.0234375
5 0.5296875 0.36328125 0.0328125 0.03671875
5 0.85078125 0.371875 0.02734375 0.0265625
5 0.12109375 0.5765625 0.02421875 0.021875
5 0.53359375 0.5828125 0.0390625 0.0234375
5 0.8328125 0.5890625 0.03984375 0.02890625
5 0.1234375 0.8265625 0.034375 0.03046875
5 0.56015625 0.815625 0.03046875 0.021875
5 0.846875 0.8234375 0.02578125 0.03125