3 0.1375 0.19296875 0.0515625 0.16796875
3 0.46953125 0.21875 0.0859375 0.165625
3 0.8234375 0.20390625 0.059375 0.1578125
3 0.1453125 0.390625 0.0671875 0.14375
3 0.4625 0.3875 0.0671875 0.14375
3 0.8171875 0.3734375 0.05703125 0.15546875
3 0.1546875 0.59296875 0.0515625 0.1578125
3 0.46328125 0.59453125 0.04609375 0.1578125
3 0.82578125 0.5890625 0.078125 0.15546875
3 0.15078125 0.78359375 0.04453125 0.165625
3 0.47578125 0.75625 0.06328125 0.13359375
3 0.82265625 0.75859375 0.0765625 0.15234375
5 0.14296875 0.14453125 0.03984375 0.021875
5 0.45625 0.14375 0.04453125 0.0265625
5 0.8171875 0.1484375 0.0484375 0.0265625
5 0.1515625 0.3453125 0.05 0.034375
5 0.4671875 0.328125 0.0375 0.0265625
5 0.821875 0.3125 0.0390625 0.02890625
5 0.1484375 0.53125 0.03046875 0.0234375
5 0.4671875 0.5296875 0.0375 0.03203125
5 0.82265625 0.528125 0.0515625 0.03046875
5 0.15390625 0.71328125 0.04140625 0.02578125
5 0.4703125 0.70234375 0.04296875 0.02265625
5 0.81796875 0.696875 0.053125 0.02890625