8 0.23046875 0.1578125 0.3140625 0.1390625
8 0.52109375 0.16484375 0.25859375 0.11875
8 0.80859375 0.1640625 0.27734375 0.1109375
8 0.215625 0.3671875 0.309375 0.15234375
8 0.53671875 0.36015625 0.26953125 0.14453125
8 0.82890625 0.36875 0.27109375 0.1359375
8 0.20078125 0.58359375 0.34375 0.1390625
8 0.553125 0.58046875 0.27578125 0.14921875
8 0.8328125 0.58046875 0.25859375 0.1265625
8 0.19609375 0.83125 0.29296875 0.1796875
8 0.54140625 0.8265625 0.31171875 0.15078125
8 0.8421875 0.821875 0.290625 0.14453125