8 0.24609375 0.14921875 0.23515625 0.08828125
8 0.59296875 0.18203125 0.20546875 0.09296875
8 0.8359375 0.1921875 0.221875 0.09921875
8 0.21953125 0.30390625 0.27109375 0.09296875
8 0.53046875 0.3296875 0.25234375 0.10234375
8 0.7984375 0.340625 0.2546875 0.09921875
8 0.20078125 0.48828125 0.2796875 0.121875
8 0.478125 0.496875 0.2671875 0.1078125
8 0.778125 0.5203125 0.2859375 0.09609375
8 0.184375 0.71640625 0.31171875 0.16328125
8 0.4640625 0.7359375 0.24765625 0.1328125
8 0.771875 0.76328125 0.33359375 0.1140625