8 0.2078125 0.16328125 0.29921875 0.115625
8 0.5109375 0.1640625 0.28203125 0.1140625
8 0.7921875 0.153125 0.2625 0.121875
8 0.20703125 0.31328125 0.2625 0.1171875
8 0.50078125 0.3078125 0.27734375 0.1203125
8 0.78359375 0.30859375 0.27109375 0.115625
8 0.2078125 0.51328125 0.31171875 0.1421875
8 0.5234375 0.51328125 0.30546875 0.14609375
8 0.81796875 0.51015625 0.27578125 0.14921875
8 0.19609375 0.703125 0.33515625 0.1375
8 0.53515625 0.70078125 0.29453125 0.1359375
8 0.83359375 0.7015625 0.28671875 0.1375