8 0.21640625 0.08671875 0.3421875 0.1296875
8 0.5421875 0.0921875 0.27578125 0.1203125
8 0.8421875 0.0875 0.23515625 0.11875
8 0.16796875 0.29453125 0.3015625 0.14453125
8 0.4640625 0.2921875 0.278125 0.1390625
8 0.7953125 0.28671875 0.2609375 0.13125
8 0.140625 0.4828125 0.2796875 0.1359375
8 0.43671875 0.48203125 0.26953125 0.134375
8 0.74609375 0.48125 0.29453125 0.1453125
8 0.16015625 0.69453125 0.31015625 0.184375
8 0.46875 0.69453125 0.29921875 0.16796875
8 0.7734375 0.684375 0.2546875 0.15703125