8 0.20703125 0.10703125 0.33984375 0.14765625
8 0.5609375 0.109375 0.26953125 0.1359375
8 0.85703125 0.1125 0.24375 0.1421875
8 0.19296875 0.32265625 0.31640625 0.1453125
8 0.53046875 0.32578125 0.2734375 0.15546875
8 0.85546875 0.3296875 0.2734375 0.15078125
8 0.15625 0.5828125 0.2859375 0.14765625
8 0.51015625 0.58203125 0.3140625 0.1453125
8 0.84453125 0.5875 0.29453125 0.15078125
8 0.146875 0.8296875 0.284375 0.15703125
8 0.50078125 0.83203125 0.28671875 0.14921875
8 0.84140625 0.8375 0.27578125 0.15703125