0 0.25625 0.2 0.07421875 0.125
0 0.56875 0.2015625 0.05703125 0.125
0 0.82265625 0.20703125 0.0515625 0.121875
0 0.2375 0.38359375 0.04375 0.1265625
0 0.55546875 0.38984375 0.0421875 0.11953125
0 0.81796875 0.39921875 0.05703125 0.1265625
0 0.22421875 0.578125 0.0515625 0.1109375
0 0.56171875 0.5734375 0.06484375 0.1078125
0 0.815625 0.5734375 0.05390625 0.1078125
0 0.20234375 0.76171875 0.08046875 0.13359375
0 0.56484375 0.74140625 0.06328125 0.109375
0 0.82109375 0.7328125 0.05703125 0.09765625
5 0.25234375 0.246875 0.05703125 0.021875
5 0.565625 0.25546875 0.04453125 0.02578125
5 0.828125 0.26015625 0.04140625 0.03359375
5 0.2375 0.42578125 0.04140625 0.021875
5 0.5640625 0.44375 0.05 0.034375
5 0.8203125 0.45078125 0.0359375 0.0203125
5 0.228125 0.62265625 0.03984375 0.02578125
5 0.56484375 0.6234375 0.065625 0.028125
5 0.81875 0.6171875 0.04296875 0.034375
5 0.2015625 0.79375 0.04140625 0.028125
5 0.56171875 0.7828125 0.034375 0.02265625
5 0.81484375 0.7671875 0.05 0.03125