8 0.259375 0.13984375 0.29921875 0.10078125
8 0.60234375 0.12890625 0.25859375 0.09140625
8 0.87578125 0.13046875 0.203125 0.1109375
8 0.190625 0.28984375 0.24765625 0.08359375
8 0.50625 0.29609375 0.31015625 0.10234375
8 0.80546875 0.28984375 0.2671875 0.1125
8 0.17265625 0.4609375 0.2328125 0.08671875
8 0.475 0.4609375 0.290625 0.09921875
8 0.7796875 0.453125 0.2625 0.08984375
8 0.23671875 0.61015625 0.32265625 0.11875
8 0.5390625 0.6015625 0.2734375 0.1171875
8 0.8421875 0.59609375 0.2609375 0.115625