8 0.2796875 0.11328125 0.27109375 0.13828125
8 0.57421875 0.125 0.3015625 0.10234375
8 0.85 0.13671875 0.25859375 0.1078125
8 0.259375 0.2875 0.29453125 0.14609375
8 0.5421875 0.29296875 0.2671875 0.14140625
8 0.84296875 0.3046875 0.28203125 0.14609375
8 0.2078125 0.50546875 0.3078125 0.15859375
8 0.51796875 0.51875 0.26484375 0.14765625
8 0.83359375 0.53046875 0.28203125 0.15078125
8 0.17890625 0.72109375 0.30546875 0.1734375
8 0.50625 0.7296875 0.32265625 0.16484375
8 0.83359375 0.7375 0.3078125 0.16171875