8 0.2046875 0.0875 0.24609375 0.09921875
8 0.49765625 0.09453125 0.2625 0.10546875
8 0.8 0.0953125 0.2265625 0.09140625
8 0.16953125 0.2796875 0.25234375 0.10703125
8 0.49609375 0.27890625 0.25234375 0.09609375
8 0.81015625 0.28203125 0.23515625 0.115625
8 0.15859375 0.48984375 0.26484375 0.10859375
8 0.4953125 0.48828125 0.24609375 0.128125
8 0.82265625 0.47578125 0.27109375 0.09921875
8 0.140625 0.72578125 0.2671875 0.10234375
8 0.46953125 0.734375 0.3140625 0.1171875
8 0.80703125 0.7265625 0.31015625 0.1296875