8 0.21875 0.16875 0.26953125 0.1140625
8 0.5078125 0.18125 0.24609375 0.1140625
8 0.81328125 0.1796875 0.22890625 0.10390625
8 0.1765625 0.3828125 0.2375 0.11875
8 0.46328125 0.37734375 0.22890625 0.1109375
8 0.76640625 0.3796875 0.22421875 0.10859375
8 0.18671875 0.58046875 0.23515625 0.1109375
8 0.4703125 0.58046875 0.25234375 0.1171875
8 0.79765625 0.575 0.25625 0.11171875
8 0.18984375 0.84296875 0.25 0.09921875
8 0.4640625 0.8484375 0.24765625 0.1265625
8 0.79375 0.8453125 0.2609375 0.1296875