8 0.228125 0.11953125 0.29296875 0.1375
8 0.53671875 0.134375 0.25625 0.15390625
8 0.82578125 0.12890625 0.24765625 0.1328125
8 0.1765625 0.32265625 0.28046875 0.1296875
8 0.48046875 0.3296875 0.25390625 0.13828125
8 0.76328125 0.3296875 0.2484375 0.134375
8 0.16875 0.540625 0.29296875 0.14921875
8 0.4625 0.53984375 0.2609375 0.14453125
8 0.75234375 0.54296875 0.26484375 0.14140625
8 0.15546875 0.76875 0.2671875 0.15078125
8 0.44921875 0.76953125 0.27734375 0.1453125
8 0.77109375 0.7671875 0.284375 0.15390625