3 0.18203125 0.18828125 0.0390625 0.14140625
3 0.47421875 0.1890625 0.0421875 0.13515625
3 0.7546875 0.1890625 0.078125 0.165625
3 0.17890625 0.34296875 0.0453125 0.1140625
3 0.471875 0.35078125 0.03515625 0.12890625
3 0.753125 0.37109375 0.0578125 0.175
3 0.1828125 0.490625 0.04375 0.12421875
3 0.46953125 0.51328125 0.03671875 0.140625
3 0.75546875 0.5328125 0.053125 0.1234375
3 0.17578125 0.64453125 0.0359375 0.1046875
3 0.47421875 0.6625 0.0328125 0.12109375
3 0.75703125 0.67890625 0.05 0.1421875
5 0.18515625 0.1328125 0.05 0.03203125
5 0.47265625 0.13515625 0.03046875 0.03203125
5 0.74765625 0.13046875 0.07421875 0.05546875
5 0.1796875 0.29921875 0.04375 0.028125
5 0.46796875 0.29296875 0.02421875 0.01875
5 0.76484375 0.30390625 0.07421875 0.04609375
5 0.18359375 0.44296875 0.0453125 0.03046875
5 0.465625 0.45078125 0.03671875 0.02421875
5 0.7515625 0.4859375 0.0546875 0.03125
5 0.17734375 0.603125 0.03671875 0.02734375
5 0.4734375 0.6109375 0.03203125 0.02265625
5 0.75078125 0.6265625 0.06484375 0.0375