0 0.171875 0.2015625 0.0703125 0.14921875
0 0.54921875 0.2015625 0.0703125 0.12265625
0 0.828125 0.21015625 0.059375 0.14765625
0 0.16640625 0.384375 0.0546875 0.134375
0 0.540625 0.37109375 0.053125 0.15078125
0 0.83046875 0.3796875 0.05546875 0.1375
0 0.1546875 0.58203125 0.06171875 0.15390625
0 0.51484375 0.5828125 0.0640625 0.159375
0 0.81015625 0.5875 0.07265625 0.14296875
0 0.146875 0.80546875 0.0421875 0.1671875
0 0.52265625 0.8046875 0.06640625 0.1953125
0 0.821875 0.79296875 0.06875 0.1625
5 0.17578125 0.25625 0.0390625 0.03046875
5 0.54453125 0.23984375 0.034375 0.03125
5 0.83359375 0.25859375 0.04140625 0.03203125
5 0.1671875 0.44296875 0.05859375 0.0265625
5 0.5375 0.434375 0.04296875 0.03671875
5 0.83359375 0.4359375 0.053125 0.03359375
5 0.1609375 0.646875 0.04140625 0.03359375
5 0.51328125 0.6421875 0.05703125 0.0359375
5 0.8078125 0.64453125 0.05859375 0.04609375
5 0.1421875 0.86953125 0.06015625 0.0390625
5 0.52109375 0.88359375 0.05859375 0.04453125
5 0.81328125 0.85546875 0.05 0.0453125