7 0.18984375 0.23125 0.26953125 0.17890625
7 0.50859375 0.2359375 0.303125 0.153125
7 0.81484375 0.23828125 0.275 0.16171875
7 0.190625 0.45546875 0.29296875 0.15
7 0.50625 0.4578125 0.28203125 0.1484375
7 0.8171875 0.46328125 0.275 0.16640625
7 0.18984375 0.67890625 0.29453125 0.1546875
7 0.515625 0.6875 0.29296875 0.17578125
7 0.8203125 0.67890625 0.29921875 0.1484375
7 0.18828125 0.90234375 0.31015625 0.16328125
7 0.50390625 0.89921875 0.28203125 0.153125
7 0.81171875 0.8921875 0.27734375 0.1515625