7 0.2296875 0.16328125 0.2625 0.12421875
7 0.51875 0.17421875 0.26015625 0.12109375
7 0.82109375 0.1828125 0.25859375 0.1078125
7 0.23515625 0.32734375 0.26953125 0.12578125
7 0.52421875 0.33203125 0.2625 0.11640625
7 0.81484375 0.33828125 0.240625 0.11640625
7 0.221875 0.50625 0.2859375 0.12578125
7 0.52578125 0.5109375 0.26015625 0.12265625
7 0.8265625 0.5125 0.24765625 0.11640625
7 0.21328125 0.71171875 0.26953125 0.11796875
7 0.52578125 0.7109375 0.28203125 0.11953125
7 0.8203125 0.7078125 0.2515625 0.11328125