7 0.1609375 0.16640625 0.2453125 0.140625
7 0.4046875 0.17421875 0.22578125 0.14375
7 0.62890625 0.17578125 0.21328125 0.13046875
7 0.859375 0.18984375 0.23046875 0.12890625
7 0.15 0.340625 0.2453125 0.11484375
7 0.3953125 0.346875 0.228125 0.12421875
7 0.62421875 0.35390625 0.23046875 0.12734375
7 0.85390625 0.3578125 0.22421875 0.12890625
7 0.14375 0.51796875 0.24921875 0.12734375
7 0.38515625 0.5171875 0.234375 0.12890625
7 0.62265625 0.515625 0.23046875 0.12578125
7 0.8578125 0.5234375 0.228125 0.12109375
7 0.13828125 0.7 0.2390625 0.1328125
7 0.38515625 0.7 0.24296875 0.12890625
7 0.62421875 0.70078125 0.22578125 0.134375
7 0.859375 0.6953125 0.23046875 0.12578125