7 0.21015625 0.20546875 0.27109375 0.1109375
7 0.515625 0.20859375 0.27109375 0.11484375
7 0.81171875 0.2 0.26484375 0.1046875
7 0.221875 0.42109375 0.2734375 0.12734375
7 0.5234375 0.41484375 0.26484375 0.11484375
7 0.81484375 0.4078125 0.25859375 0.11640625
7 0.2296875 0.61171875 0.29296875 0.12421875
7 0.534375 0.6015625 0.2734375 0.109375
7 0.82890625 0.58828125 0.26953125 0.10625
7 0.240625 0.778125 0.284375 0.1109375
7 0.54453125 0.7671875 0.2734375 0.1046875
7 0.840625 0.75703125 0.27109375 0.11796875