7 0.1921875 0.14140625 0.29921875 0.1578125
7 0.49765625 0.14609375 0.26015625 0.16171875
7 0.80625 0.15234375 0.28828125 0.1578125
7 0.18984375 0.38515625 0.290625 0.1546875
7 0.50546875 0.38671875 0.2671875 0.1578125
7 0.81171875 0.3828125 0.290625 0.16015625
7 0.19609375 0.62734375 0.290625 0.16484375
7 0.50625 0.621875 0.26015625 0.15625
7 0.80859375 0.625 0.296875 0.16953125
7 0.1984375 0.87265625 0.29921875 0.1578125
7 0.51015625 0.865625 0.26484375 0.14375
7 0.8171875 0.85625 0.296875 0.16484375