3 0.196875 0.13671875 0.046875 0.171875
3 0.51171875 0.14140625 0.034375 0.178125
3 0.83203125 0.1390625 0.04453125 0.16953125
3 0.196875 0.284375 0.04296875 0.121875
3 0.5125 0.3078125 0.04765625 0.1578125
3 0.8328125 0.309375 0.04296875 0.1734375
3 0.2 0.44765625 0.04140625 0.20234375
3 0.51640625 0.42421875 0.0359375 0.07109375
3 0.82890625 0.4859375 0.046875 0.17421875
3 0.20546875 0.71953125 0.0390625 0.1453125
3 0.51015625 0.71640625 0.0375 0.1671875
3 0.8203125 0.71328125 0.04609375 0.18125
5 0.19609375 0.06796875 0.04765625 0.03203125
5 0.51171875 0.06484375 0.040625 0.03125
5 0.8296875 0.06796875 0.04609375 0.028125
5 0.2 0.234375 0.04375 0.02265625
5 0.509375 0.23671875 0.040625 0.01796875
5 0.83203125 0.23984375 0.0515625 0.03046875
5 0.20234375 0.3609375 0.05 0.02109375
5 0.51328125 0.39765625 0.0328125 0.01953125
5 0.8234375 0.41015625 0.04453125 0.0234375
5 0.19921875 0.6609375 0.02578125 0.0234375
5 0.509375 0.6484375 0.04453125 0.02890625
5 0.81796875 0.6375 0.0390625 0.0328125