0 0.23671875 0.23671875 0.06796875 0.15390625
0 0.4796875 0.23828125 0.0421875 0.14453125
0 0.74921875 0.24140625 0.0546875 0.14609375
0 0.2390625 0.4328125 0.05078125 0.15078125
0 0.484375 0.43515625 0.05078125 0.14921875
0 0.7546875 0.44609375 0.03984375 0.1578125
0 0.240625 0.62578125 0.0484375 0.15546875
0 0.47421875 0.6328125 0.05703125 0.1640625
0 0.74453125 0.63203125 0.05078125 0.16875
0 0.2328125 0.82890625 0.0421875 0.1671875
0 0.46875 0.83125 0.0421875 0.1859375
0 0.73984375 0.8328125 0.04609375 0.165625
5 0.2390625 0.2953125 0.0359375 0.0265625
5 0.47890625 0.3015625 0.05703125 0.03203125
5 0.75546875 0.303125 0.0546875 0.02265625
5 0.23828125 0.49453125 0.03125 0.02578125
5 0.4734375 0.496875 0.05703125 0.0421875
5 0.7421875 0.509375 0.0375 0.02578125
5 0.2390625 0.7 0.06484375 0.028125
5 0.4765625 0.703125 0.0671875 0.0375
5 0.7421875 0.6984375 0.04140625 0.021875
5 0.21875 0.89765625 0.053125 0.0234375
5 0.46953125 0.89921875 0.0328125 0.0203125
5 0.74765625 0.9015625 0.04765625 0.0359375