7 0.215625 0.19140625 0.290625 0.1578125
7 0.53984375 0.19609375 0.27578125 0.1578125
7 0.84609375 0.21171875 0.2734375 0.16953125
7 0.20546875 0.403125 0.296875 0.1546875
7 0.53125 0.40546875 0.275 0.14375
7 0.834375 0.409375 0.284375 0.1515625
7 0.21015625 0.615625 0.29296875 0.16796875
7 0.52109375 0.61796875 0.2859375 0.16484375
7 0.83671875 0.61875 0.27578125 0.16015625
7 0.19765625 0.8265625 0.3015625 0.15
7 0.5296875 0.8171875 0.28203125 0.13671875
7 0.83671875 0.82265625 0.284375 0.16796875