7 0.2421875 0.18359375 0.25859375 0.13515625
7 0.54453125 0.196875 0.25625 0.12109375
7 0.83203125 0.2046875 0.240625 0.1359375
7 0.23515625 0.41484375 0.26015625 0.12421875
7 0.5375 0.428125 0.23671875 0.13359375
7 0.8203125 0.42421875 0.234375 0.11640625
7 0.2265625 0.6390625 0.2515625 0.12421875
7 0.5234375 0.64375 0.23046875 0.11953125
7 0.80703125 0.64375 0.234375 0.12890625
7 0.22109375 0.853125 0.2625 0.12890625
7 0.515625 0.853125 0.2453125 0.12890625
7 0.79375 0.85390625 0.2453125 0.11796875