7 0.18359375 0.18359375 0.26484375 0.13515625
7 0.540625 0.17109375 0.2734375 0.12109375
7 0.85234375 0.1765625 0.221875 0.11328125
7 0.1703125 0.371875 0.27734375 0.10625
7 0.54375 0.3734375 0.29296875 0.11484375
7 0.846875 0.3796875 0.25859375 0.11484375
7 0.18671875 0.5546875 0.28828125 0.11953125
7 0.51796875 0.559375 0.27109375 0.10625
7 0.80546875 0.5609375 0.2515625 0.11328125
7 0.18125 0.746875 0.28203125 0.16171875
7 0.5125 0.75 0.29921875 0.16171875
7 0.83359375 0.765625 0.28203125 0.146875