7 0.21484375 0.15859375 0.3140625 0.12734375
7 0.57578125 0.159375 0.284375 0.12890625
7 0.83828125 0.159375 0.19375 0.103125
7 0.22109375 0.3859375 0.34453125 0.13125
7 0.5953125 0.37890625 0.30546875 0.11953125
7 0.86484375 0.38125 0.20234375 0.11484375
7 0.23515625 0.57734375 0.3296875 0.1328125
7 0.59609375 0.5609375 0.29921875 0.1328125
7 0.8734375 0.5546875 0.1890625 0.13203125
7 0.2125 0.76640625 0.296875 0.13515625
7 0.55234375 0.75390625 0.31875 0.13125
7 0.8546875 0.73671875 0.234375 0.11328125