7 0.20390625 0.13828125 0.275 0.12578125
7 0.51171875 0.1484375 0.2625 0.12109375
7 0.80390625 0.15625 0.24921875 0.11953125
7 0.2078125 0.31953125 0.2625 0.1375
7 0.51484375 0.32109375 0.26875 0.12421875
7 0.81171875 0.32734375 0.234375 0.11640625
7 0.20234375 0.55390625 0.27734375 0.1078125
7 0.5203125 0.5515625 0.2625 0.11640625
7 0.8109375 0.54765625 0.240625 0.1109375
7 0.20703125 0.80234375 0.2859375 0.13359375
7 0.5265625 0.7859375 0.25390625 0.1046875
7 0.834375 0.77890625 0.25859375 0.11953125