7 0.1640625 0.16796875 0.2515625 0.1046875
7 0.4984375 0.17421875 0.27578125 0.11484375
7 0.79375 0.17109375 0.25390625 0.0921875
7 0.1703125 0.3265625 0.26484375 0.1015625
7 0.5015625 0.33125 0.290625 0.1109375
7 0.81640625 0.32734375 0.2734375 0.11640625
7 0.17265625 0.48515625 0.2515625 0.103125
7 0.4984375 0.478125 0.33125 0.1015625
7 0.79765625 0.48125 0.240625 0.10859375
7 0.1671875 0.625 0.23671875 0.0984375
7 0.50625 0.621875 0.2953125 0.0984375
7 0.82265625 0.61953125 0.221875 0.11640625