7 0.20234375 0.146875 0.29921875 0.12734375
7 0.55859375 0.15859375 0.25390625 0.13046875
7 0.83828125 0.1703125 0.23671875 0.1359375
7 0.20703125 0.31328125 0.28203125 0.15625
7 0.55234375 0.3140625 0.284375 0.1328125
7 0.84921875 0.31796875 0.25390625 0.134375
7 0.21484375 0.57890625 0.296875 0.1515625
7 0.5546875 0.5703125 0.284375 0.15
7 0.8484375 0.57421875 0.24765625 0.16484375
7 0.21640625 0.790625 0.30078125 0.1875
7 0.56015625 0.7765625 0.27734375 0.17265625
7 0.84765625 0.7625 0.240625 0.1453125