3 0.16484375 0.14609375 0.03515625 0.115625
3 0.490625 0.15390625 0.034375 0.12734375
3 0.828125 0.14140625 0.03671875 0.11171875
3 0.16640625 0.3984375 0.040625 0.24375
3 0.496875 0.36484375 0.03828125 0.17734375
3 0.821875 0.3515625 0.0265625 0.1515625
3 0.16875 0.60078125 0.03125 0.10234375
3 0.50234375 0.62734375 0.03828125 0.15078125
3 0.8171875 0.62890625 0.03671875 0.15390625
3 0.1703125 0.80390625 0.053125 0.16875
3 0.50390625 0.8078125 0.04375 0.159375
3 0.81875 0.80859375 0.03828125 0.171875
5 0.165625 0.10078125 0.03984375 0.02890625
5 0.49296875 0.1015625 0.03984375 0.03046875
5 0.8296875 0.1015625 0.040625 0.02890625
5 0.1671875 0.2890625 0.03515625 0.03125
5 0.4953125 0.29375 0.03515625 0.021875
5 0.8234375 0.2921875 0.03515625 0.0265625
5 0.16875 0.56015625 0.03515625 0.02734375
5 0.49296875 0.56171875 0.03984375 0.02890625
5 0.815625 0.56796875 0.03515625 0.0328125
5 0.16796875 0.734375 0.0546875 0.03203125
5 0.503125 0.73984375 0.03984375 0.0234375
5 0.81875 0.74140625 0.05 0.0328125