0 0.18828125 0.24921875 0.0375 0.1296875
0 0.41796875 0.24921875 0.04609375 0.12265625
0 0.6328125 0.25703125 0.053125 0.134375
0 0.18203125 0.45078125 0.0421875 0.12421875
0 0.39921875 0.45546875 0.053125 0.134375
0 0.61875 0.45390625 0.0546875 0.12109375
0 0.16640625 0.665625 0.05078125 0.15234375
0 0.38828125 0.671875 0.05703125 0.1421875
0 0.60078125 0.67734375 0.059375 0.14921875
0 0.15859375 0.8703125 0.03515625 0.14765625
0 0.3796875 0.87734375 0.0484375 0.159375
0 0.6046875 0.875 0.08359375 0.14765625
5 0.18671875 0.3015625 0.03046875 0.02578125
5 0.40546875 0.30078125 0.0375 0.02890625
5 0.6203125 0.31015625 0.0390625 0.028125
5 0.18359375 0.50390625 0.04296875 0.03046875
5 0.39296875 0.50859375 0.0375 0.02578125
5 0.60078125 0.5125 0.03984375 0.025
5 0.16484375 0.725 0.0546875 0.03046875
5 0.38203125 0.72578125 0.04765625 0.028125
5 0.60234375 0.7328125 0.0484375 0.03203125
5 0.15390625 0.92890625 0.03046875 0.0359375
5 0.36875 0.93046875 0.04609375 0.03984375
5 0.59453125 0.9359375 0.04140625 0.03125