7 0.16484375 0.11875 0.30078125 0.16484375
7 0.5171875 0.11171875 0.29453125 0.17578125
7 0.825 0.11640625 0.27734375 0.16953125
7 0.17890625 0.34296875 0.290625 0.18046875
7 0.5234375 0.32578125 0.2734375 0.18046875
7 0.82578125 0.31875 0.284375 0.17421875
7 0.1921875 0.571875 0.3125 0.1890625
7 0.53984375 0.5421875 0.284375 0.18203125
7 0.84296875 0.51640625 0.2625 0.16640625
7 0.1953125 0.84765625 0.32734375 0.2046875
7 0.5546875 0.81953125 0.3015625 0.21328125
7 0.8578125 0.79765625 0.24921875 0.1953125