7 0.1921875 0.07109375 0.29921875 0.12109375
7 0.509375 0.07890625 0.23203125 0.1078125
7 0.82890625 0.0828125 0.26015625 0.12421875
7 0.1765625 0.30546875 0.28203125 0.12421875
7 0.4875 0.30703125 0.275 0.12734375
7 0.8203125 0.31171875 0.26015625 0.11484375
7 0.17890625 0.55078125 0.2953125 0.13046875
7 0.4953125 0.55078125 0.25625 0.12109375
7 0.82890625 0.52578125 0.2859375 0.12890625
7 0.17890625 0.79375 0.28203125 0.11640625
7 0.52109375 0.78125 0.3125 0.11171875
7 0.86640625 0.76640625 0.2625 0.11328125