7 0.18984375 0.1359375 0.27734375 0.15
7 0.5234375 0.15078125 0.2390625 0.1390625
7 0.86796875 0.15703125 0.19609375 0.1078125
7 0.1796875 0.378125 0.31015625 0.13046875
7 0.5046875 0.3859375 0.228125 0.140625
7 0.86953125 0.36953125 0.20859375 0.1375
7 0.16796875 0.6546875 0.24296875 0.1578125
7 0.5203125 0.6328125 0.2453125 0.12421875
7 0.86796875 0.621875 0.22578125 0.12109375
7 0.15859375 0.92109375 0.2453125 0.12578125
7 0.51015625 0.89765625 0.2734375 0.11484375
7 0.86484375 0.88359375 0.228125 0.109375