7 0.15546875 0.19609375 0.28203125 0.11953125
7 0.52421875 0.2125 0.32734375 0.13515625
7 0.8515625 0.2109375 0.25859375 0.12578125
7 0.15234375 0.42890625 0.2671875 0.12578125
7 0.5296875 0.421875 0.290625 0.12421875
7 0.8265625 0.425 0.2734375 0.134375
7 0.17265625 0.62578125 0.27734375 0.12265625
7 0.51796875 0.62265625 0.296875 0.12890625
7 0.8171875 0.61875 0.27109375 0.12421875
7 0.178125 0.83359375 0.296875 0.12890625
7 0.50703125 0.82421875 0.2796875 0.12578125
7 0.8125 0.8125 0.28828125 0.1390625