0 0.2015625 0.16796875 0.05703125 0.103125
0 0.21640625 0.33359375 0.059375 0.103125
0 0.203125 0.4796875 0.0546875 0.0859375
0 0.2 0.61796875 0.03515625 0.10078125
0 0.49765625 0.16796875 0.04453125 0.11953125
0 0.47109375 0.3375 0.0484375 0.103125
0 0.46875 0.47265625 0.053125 0.08125
0 0.4578125 0.6203125 0.03984375 0.1140625
0 0.74296875 0.17578125 0.04609375 0.1078125
0 0.72578125 0.3359375 0.04609375 0.09140625
0 0.728125 0.475 0.059375 0.06640625
0 0.7078125 0.6140625 0.059375 0.09921875
5 0.2109375 0.21015625 0.04296875 0.025
5 0.496875 0.21015625 0.0390625 0.025
5 0.73984375 0.20703125 0.03984375 0.025
5 0.20859375 0.3703125 0.04453125 0.025
5 0.46875 0.37421875 0.034375 0.0203125
5 0.7265625 0.36796875 0.02890625 0.025
5 0.203125 0.51171875 0.04140625 0.021875
5 0.47109375 0.50625 0.04140625 0.0171875
5 0.721875 0.49453125 0.05625 0.01953125
5 0.19921875 0.65234375 0.0375 0.0265625
5 0.45625 0.6578125 0.0359375 0.0234375
5 0.70234375 0.64921875 0.04609375 0.02578125