3 0.1578125 0.203125 0.0359375 0.18671875
3 0.49375 0.20546875 0.03828125 0.19140625
3 0.88515625 0.20078125 0.046875 0.1765625
3 0.15390625 0.39296875 0.040625 0.08515625
3 0.496875 0.43203125 0.040625 0.1671875
3 0.8796875 0.39609375 0.0359375 0.10390625
3 0.1421875 0.64765625 0.0359375 0.13203125
3 0.50234375 0.6453125 0.03828125 0.13046875
3 0.865625 0.6359375 0.04296875 0.1109375
3 0.14375 0.84921875 0.0328125 0.07421875
3 0.496875 0.83515625 0.03125 0.059375
3 0.8453125 0.83671875 0.040625 0.065625
5 0.1578125 0.121875 0.03984375 0.021875
5 0.49921875 0.12109375 0.05859375 0.02578125
5 0.88203125 0.12421875 0.04609375 0.02734375
5 0.15859375 0.3625 0.05078125 0.02109375
5 0.490625 0.36171875 0.04140625 0.03046875
5 0.88515625 0.359375 0.04296875 0.02734375
5 0.13984375 0.59296875 0.04140625 0.028125
5 0.49765625 0.590625 0.0359375 0.0265625
5 0.8609375 0.59453125 0.03828125 0.03203125
5 0.1484375 0.821875 0.03828125 0.02578125
5 0.5 0.821875 0.04921875 0.028125
5 0.840625 0.8171875 0.04296875 0.0265625