7 0.153125 0.1515625 0.290625 0.13125
7 0.5015625 0.16640625 0.290625 0.153125
7 0.8421875 0.16015625 0.26484375 0.146875
7 0.1734375 0.396875 0.30546875 0.16015625
7 0.51171875 0.40703125 0.296875 0.16640625
7 0.84296875 0.41171875 0.29296875 0.16953125
7 0.19296875 0.62734375 0.31875 0.1484375
7 0.52890625 0.64296875 0.29296875 0.17578125
7 0.84296875 0.6515625 0.2671875 0.1453125
7 0.2125 0.87265625 0.33125 0.16796875
7 0.54140625 0.88125 0.2671875 0.14375
7 0.8484375 0.88671875 0.28203125 0.15625