7 0.14140625 0.0828125 0.20234375 0.1078125
7 0.409375 0.0734375 0.20859375 0.096875
7 0.65859375 0.07421875 0.1875 0.0984375
7 0.88046875 0.08671875 0.1484375 0.1
7 0.11953125 0.3234375 0.20625 0.11015625
7 0.4125 0.29609375 0.2109375 0.12265625
7 0.65859375 0.2953125 0.2171875 0.12734375
7 0.88359375 0.29453125 0.19375 0.1421875
7 0.115625 0.5734375 0.20703125 0.17265625
7 0.4125 0.53984375 0.20234375 0.12890625
7 0.66875 0.53125 0.2109375 0.140625
7 0.88671875 0.53125 0.1703125 0.13046875
7 0.10546875 0.8140625 0.1828125 0.16015625
7 0.4015625 0.7828125 0.23671875 0.13359375
7 0.66015625 0.75234375 0.20234375 0.12734375
7 0.896875 0.74765625 0.19765625 0.16640625