7 0.11875 0.065625 0.2171875 0.096875
7 0.4703125 0.07421875 0.2671875 0.12421875
7 0.81796875 0.08515625 0.26484375 0.1453125
7 0.13671875 0.2765625 0.2453125 0.146875
7 0.45859375 0.26484375 0.26484375 0.140625
7 0.81171875 0.2609375 0.23046875 0.1421875
7 0.15078125 0.43359375 0.26015625 0.11953125
7 0.49140625 0.4390625 0.290625 0.15
7 0.8515625 0.425 0.2625 0.15625
7 0.16171875 0.63515625 0.27734375 0.1515625
7 0.4890625 0.61328125 0.28203125 0.17578125
7 0.8203125 0.59921875 0.2859375 0.15