7 0.2015625 0.1171875 0.25390625 0.1421875
7 0.53203125 0.128125 0.24375 0.1484375
7 0.83671875 0.13359375 0.23671875 0.1484375
7 0.2046875 0.34140625 0.27734375 0.12890625
7 0.54609375 0.353125 0.2796875 0.1421875
7 0.8484375 0.36015625 0.2390625 0.14375
7 0.184375 0.5671875 0.28828125 0.1421875
7 0.546875 0.571875 0.303125 0.146875
7 0.86015625 0.57734375 0.240625 0.12890625
7 0.16484375 0.7828125 0.27578125 0.13671875
7 0.52421875 0.7828125 0.29296875 0.13671875
7 0.85703125 0.78359375 0.25625 0.1515625