7 0.13515625 0.11640625 0.2328125 0.15
7 0.50859375 0.11484375 0.221875 0.15
7 0.8296875 0.12265625 0.24921875 0.13046875
7 0.1296875 0.315625 0.23046875 0.1328125
7 0.509375 0.3125 0.1984375 0.1359375
7 0.85390625 0.3109375 0.2671875 0.1546875
7 0.140625 0.5296875 0.2390625 0.146875
7 0.53515625 0.51171875 0.21484375 0.146875
7 0.86015625 0.51015625 0.25859375 0.140625
7 0.1421875 0.73515625 0.26015625 0.1484375
7 0.5296875 0.73203125 0.2046875 0.1421875
7 0.86953125 0.73046875 0.221875 0.1515625