3 0.1109375 0.1953125 0.0484375 0.10546875
3 0.5109375 0.19140625 0.04609375 0.11015625
3 0.896875 0.18828125 0.05 0.11875
3 0.12421875 0.40546875 0.06015625 0.20078125
3 0.50546875 0.39765625 0.0453125 0.19765625
3 0.89765625 0.39453125 0.0421875 0.19765625
3 0.1296875 0.60546875 0.040625 0.08046875
3 0.50703125 0.61875 0.0453125 0.1234375
3 0.878125 0.6046875 0.03828125 0.1015625
3 0.13203125 0.7984375 0.0484375 0.16640625
3 0.51328125 0.80546875 0.04453125 0.171875
3 0.8640625 0.8046875 0.03984375 0.175
5 0.109375 0.1515625 0.0515625 0.0265625
5 0.50859375 0.15234375 0.046875 0.03359375
5 0.8953125 0.14375 0.053125 0.034375
5 0.1125 0.31953125 0.0453125 0.02578125
5 0.5 0.31171875 0.05625 0.0328125
5 0.89375 0.31328125 0.03828125 0.03046875
5 0.13359375 0.578125 0.03828125 0.02578125
5 0.49921875 0.57421875 0.0421875 0.028125
5 0.8796875 0.565625 0.06328125 0.02734375
5 0.121875 0.73203125 0.03203125 0.02734375
5 0.5046875 0.73125 0.04609375 0.03359375
5 0.8640625 0.73515625 0.03671875 0.03125