7 0.19609375 0.1703125 0.290625 0.1578125
7 0.53125 0.18515625 0.3015625 0.1578125
7 0.83515625 0.1953125 0.2734375 0.15625
7 0.1921875 0.40546875 0.3078125 0.16640625
7 0.534375 0.41015625 0.31171875 0.1796875
7 0.82890625 0.425 0.24296875 0.15
7 0.17890625 0.67109375 0.33359375 0.19375
7 0.5203125 0.67421875 0.296875 0.17109375
7 0.83359375 0.6828125 0.29453125 0.18203125
7 0.18125 0.88203125 0.33359375 0.18046875
7 0.52578125 0.8859375 0.2859375 0.16171875
7 0.8234375 0.88359375 0.28828125 0.1546875