7 0.1703125 0.16171875 0.22578125 0.12421875
7 0.4859375 0.1671875 0.23671875 0.11640625
7 0.7953125 0.178125 0.20703125 0.11171875
7 0.1703125 0.4015625 0.221875 0.11953125
7 0.49609375 0.39609375 0.22421875 0.11953125
7 0.79453125 0.3984375 0.2046875 0.12109375
7 0.17265625 0.62890625 0.221875 0.12265625
7 0.49609375 0.6296875 0.21953125 0.1375
7 0.796875 0.61875 0.20859375 0.11796875
7 0.15390625 0.86640625 0.1984375 0.12265625
7 0.509375 0.85390625 0.2234375 0.13359375
7 0.80703125 0.8390625 0.221875 0.12578125