7 0.21015625 0.14921875 0.2453125 0.1546875
7 0.57265625 0.1578125 0.2390625 0.1546875
7 0.8546875 0.16015625 0.234375 0.13359375
7 0.20234375 0.3421875 0.27734375 0.140625
7 0.5828125 0.340625 0.275 0.140625
7 0.8796875 0.3484375 0.19765625 0.134375
7 0.19609375 0.56328125 0.24765625 0.1375
7 0.540625 0.56171875 0.2734375 0.140625
7 0.84921875 0.5625 0.2328125 0.1421875
7 0.209375 0.7828125 0.24296875 0.13046875
7 0.52109375 0.7890625 0.234375 0.1515625
7 0.8171875 0.7828125 0.23203125 0.13671875