7 0.22421875 0.18984375 0.234375 0.1
7 0.53828125 0.17265625 0.20859375 0.0921875
7 0.82890625 0.16875 0.2171875 0.096875
7 0.1984375 0.34296875 0.2171875 0.11640625
7 0.49453125 0.32578125 0.24921875 0.103125
7 0.86015625 0.31484375 0.25859375 0.1015625
7 0.2125 0.496875 0.23671875 0.12265625
7 0.52734375 0.48046875 0.221875 0.10625
7 0.86953125 0.465625 0.234375 0.090625
7 0.21328125 0.6765625 0.22578125 0.12734375
7 0.5234375 0.66484375 0.21328125 0.13125
7 0.85078125 0.6625 0.28203125 0.11640625