7 0.178125 0.196875 0.2796875 0.13046875
7 0.490625 0.19765625 0.24765625 0.12265625
7 0.80546875 0.20078125 0.27734375 0.13515625
7 0.20234375 0.42578125 0.33359375 0.184375
7 0.52109375 0.42109375 0.26015625 0.153125
7 0.81796875 0.41328125 0.2953125 0.14375
7 0.221875 0.64453125 0.325 0.140625
7 0.55859375 0.640625 0.2625 0.153125
7 0.8578125 0.63515625 0.2625 0.1515625
7 0.23203125 0.85234375 0.31875 0.13359375
7 0.56953125 0.85078125 0.24921875 0.140625
7 0.85078125 0.8421875 0.2515625 0.1421875