7 0.1984375 0.1546875 0.3078125 0.11953125
7 0.5359375 0.159375 0.25625 0.12890625
7 0.8296875 0.17265625 0.25390625 0.12109375
7 0.20546875 0.3609375 0.29296875 0.12890625
7 0.54140625 0.37109375 0.27109375 0.134375
7 0.83828125 0.3703125 0.25 0.12890625
7 0.21640625 0.58984375 0.31875 0.12578125
7 0.5546875 0.59296875 0.27109375 0.11484375
7 0.83515625 0.58515625 0.234375 0.12265625
7 0.21953125 0.7984375 0.325 0.13203125
7 0.55234375 0.7875 0.25390625 0.1390625
7 0.8421875 0.7796875 0.22578125 0.12421875