7 0.18984375 0.165625 0.26484375 0.12890625
7 0.49296875 0.159375 0.2515625 0.12265625
7 0.78359375 0.165625 0.26015625 0.12578125
7 0.21015625 0.4171875 0.284375 0.11953125
7 0.51328125 0.41171875 0.25390625 0.11171875
7 0.79375 0.4109375 0.25859375 0.11640625
7 0.2359375 0.6640625 0.284375 0.11328125
7 0.52109375 0.66015625 0.24296875 0.1078125
7 0.81171875 0.65078125 0.2515625 0.12109375
7 0.2453125 0.90625 0.27734375 0.12578125
7 0.540625 0.8890625 0.24296875 0.11953125
7 0.8203125 0.88671875 0.2515625 0.11484375