1 0.26875 0.1875 0.2203125 0.04140625
1 0.56640625 0.18125 0.21875 0.0390625
1 0.828125 0.178125 0.21953125 0.03828125
1 0.23984375 0.353125 0.21796875 0.040625
1 0.56484375 0.353125 0.23828125 0.04375
1 0.83203125 0.34765625 0.21640625 0.04765625
1 0.22890625 0.5046875 0.2140625 0.046875
1 0.56953125 0.50234375 0.2359375 0.0359375
1 0.84296875 0.4984375 0.225 0.040625
1 0.22890625 0.6484375 0.2265625 0.04453125
1 0.56484375 0.64921875 0.221875 0.0453125
1 0.84921875 0.646875 0.2171875 0.040625
5 0.18046875 0.18828125 0.0234375 0.02890625
5 0.478125 0.18046875 0.02265625 0.03203125
5 0.7390625 0.175 0.040625 0.03203125
5 0.153125 0.35546875 0.0265625 0.03203125
5 0.47421875 0.35234375 0.0296875 0.03203125
5 0.74765625 0.346875 0.02890625 0.03671875
5 0.15078125 0.50078125 0.0359375 0.03046875
5 0.47890625 0.50078125 0.034375 0.0390625
5 0.75625 0.49765625 0.03671875 0.040625
5 0.1421875 0.65078125 0.0359375 0.0375
5 0.47734375 0.65 0.03203125 0.04921875
5 0.76171875 0.646875 0.034375 0.03203125