3 0.121875 0.17421875 0.04609375 0.15234375
3 0.48515625 0.16953125 0.03828125 0.153125
3 0.89765625 0.17109375 0.0375 0.1609375
3 0.12578125 0.35859375 0.040625 0.14921875
3 0.4828125 0.35859375 0.03515625 0.1609375
3 0.88828125 0.35625 0.034375 0.1703125
3 0.14296875 0.58359375 0.06328125 0.16953125
3 0.49140625 0.5796875 0.04765625 0.171875
3 0.86640625 0.54375 0.04140625 0.11640625
3 0.14375 0.78359375 0.04765625 0.1328125
3 0.48828125 0.7671875 0.05390625 0.11640625
3 0.85546875 0.77109375 0.05859375 0.1265625
5 0.1140625 0.1109375 0.04140625 0.01875
5 0.48828125 0.1078125 0.05 0.03125
5 0.89609375 0.10234375 0.0453125 0.02421875
5 0.12265625 0.29921875 0.0421875 0.025
5 0.48515625 0.29453125 0.046875 0.0265625
5 0.8953125 0.2859375 0.053125 0.0296875
5 0.13515625 0.515625 0.046875 0.03125
5 0.48515625 0.5078125 0.06328125 0.0296875
5 0.8734375 0.49921875 0.053125 0.03828125
5 0.1390625 0.73046875 0.0453125 0.02265625
5 0.48671875 0.72890625 0.06328125 0.040625
5 0.8546875 0.72734375 0.06328125 0.040625