7 0.21640625 0.1734375 0.284375 0.1359375
7 0.4984375 0.17890625 0.228125 0.1390625
7 0.77734375 0.184375 0.2390625 0.1375
7 0.2453125 0.40703125 0.325 0.17265625
7 0.57734375 0.38359375 0.28203125 0.1515625
7 0.86328125 0.3828125 0.24375 0.1375
7 0.1890625 0.63203125 0.2796875 0.1546875
7 0.52109375 0.61640625 0.28203125 0.153125
7 0.83515625 0.6046875 0.26875 0.13515625
7 0.1734375 0.84140625 0.284375 0.11796875
7 0.50390625 0.84296875 0.31640625 0.13125
7 0.80390625 0.82890625 0.25859375 0.11953125