7 0.20703125 0.19140625 0.28203125 0.11328125
7 0.55234375 0.19609375 0.2328125 0.11953125
7 0.840625 0.20234375 0.228125 0.12265625
7 0.2109375 0.35390625 0.29921875 0.12109375
7 0.54453125 0.36171875 0.2515625 0.1375
7 0.8375 0.36171875 0.221875 0.12734375
7 0.19921875 0.59453125 0.284375 0.140625
7 0.53828125 0.5890625 0.2515625 0.15
7 0.809375 0.58046875 0.24765625 0.1359375
7 0.22265625 0.821875 0.33125 0.15
7 0.57421875 0.82578125 0.2796875 0.12578125
7 0.86328125 0.8140625 0.2390625 0.1390625