7 0.2046875 0.17109375 0.325 0.15
7 0.5328125 0.17578125 0.2671875 0.153125
7 0.81796875 0.17109375 0.25625 0.146875
7 0.190625 0.35234375 0.30546875 0.146875
7 0.49296875 0.3515625 0.26484375 0.1484375
7 0.80234375 0.35 0.28828125 0.1421875
7 0.1796875 0.54296875 0.27109375 0.1515625
7 0.49765625 0.53828125 0.28203125 0.16484375
7 0.80625 0.53828125 0.284375 0.16171875
7 0.1765625 0.73828125 0.290625 0.16171875
7 0.50625 0.73359375 0.29921875 0.17109375
7 0.82265625 0.72265625 0.26484375 0.1515625