7 0.17109375 0.11796875 0.28828125 0.12734375
7 0.52890625 0.1140625 0.27578125 0.10625
7 0.846875 0.11328125 0.27109375 0.12734375
7 0.16640625 0.25859375 0.2734375 0.1109375
7 0.50390625 0.26875 0.28203125 0.12578125
7 0.8125 0.26484375 0.27109375 0.1109375
7 0.17265625 0.43203125 0.2859375 0.11328125
7 0.4953125 0.43671875 0.290625 0.12578125
7 0.79765625 0.43046875 0.2234375 0.13515625
7 0.1703125 0.56953125 0.2390625 0.11953125
7 0.50078125 0.5703125 0.2796875 0.10859375
7 0.8 0.5671875 0.25 0.109375