7 0.1765625 0.1328125 0.2734375 0.12109375
7 0.50859375 0.1328125 0.26015625 0.12734375
7 0.82109375 0.14609375 0.29296875 0.1453125
7 0.16953125 0.34453125 0.31015625 0.12578125
7 0.50625 0.34140625 0.28203125 0.12890625
7 0.80703125 0.34296875 0.29921875 0.1390625
7 0.1609375 0.5265625 0.284375 0.1109375
7 0.53515625 0.52421875 0.3140625 0.1328125
7 0.85 0.525 0.26484375 0.13125
7 0.15078125 0.70859375 0.2734375 0.12109375
7 0.51875 0.703125 0.29453125 0.109375
7 0.84296875 0.70078125 0.2796875 0.12109375