7 0.23828125 0.22734375 0.353125 0.08984375
7 0.6078125 0.225 0.17109375 0.07734375
7 0.85 0.225 0.2171875 0.07734375
7 0.22734375 0.35703125 0.36328125 0.06796875
7 0.58671875 0.3546875 0.1984375 0.10625
7 0.8453125 0.3640625 0.196875 0.0828125
7 0.19765625 0.5078125 0.28046875 0.0921875
7 0.55703125 0.5140625 0.146875 0.0640625
7 0.8484375 0.515625 0.18515625 0.0796875
7 0.20546875 0.6578125 0.26640625 0.08828125
7 0.55078125 0.6671875 0.17578125 0.06328125
7 0.83828125 0.66953125 0.17890625 0.06875