1 0.21953125 0.159375 0.125 0.02578125
1 0.46640625 0.159375 0.15078125 0.028125
1 0.76171875 0.15390625 0.15546875 0.03828125
1 0.24609375 0.29765625 0.19765625 0.03828125
1 0.4875 0.290625 0.14921875 0.03203125
1 0.778125 0.2828125 0.1453125 0.03515625
1 0.26328125 0.4375 0.1828125 0.03359375
1 0.5046875 0.43515625 0.16953125 0.03359375
1 0.79140625 0.4296875 0.15703125 0.028125
1 0.2703125 0.5546875 0.1515625 0.03125
1 0.49375 0.55234375 0.14765625 0.03828125
1 0.78515625 0.55546875 0.16171875 0.0390625
5 0.18203125 0.16015625 0.0375 0.025
5 0.4265625 0.1625 0.0390625 0.03046875
5 0.7109375 0.15390625 0.0484375 0.03671875
5 0.1828125 0.29453125 0.0390625 0.03203125
5 0.44765625 0.2859375 0.04453125 0.02734375
5 0.740625 0.284375 0.04609375 0.03515625
5 0.20078125 0.43671875 0.03359375 0.02734375
5 0.459375 0.4328125 0.034375 0.03515625
5 0.73828125 0.434375 0.04453125 0.03046875
5 0.22578125 0.55546875 0.03046875 0.02578125
5 0.45234375 0.55546875 0.040625 0.02734375
5 0.7421875 0.55625 0.04296875 0.02890625