3 0.15859375 0.16875 0.03203125 0.1671875
3 0.5453125 0.16796875 0.0328125 0.15390625
3 0.88359375 0.17109375 0.03203125 0.1578125
3 0.15546875 0.4046875 0.0328125 0.15234375
3 0.53828125 0.39921875 0.025 0.12890625
3 0.86015625 0.4109375 0.0265625 0.1546875
3 0.15703125 0.63671875 0.028125 0.1453125
3 0.5296875 0.63984375 0.03046875 0.1453125
3 0.85078125 0.64453125 0.040625 0.14609375
3 0.153125 0.8078125 0.02734375 0.0640625
3 0.5234375 0.8140625 0.0296875 0.07890625
3 0.8484375 0.81640625 0.03828125 0.0859375
5 0.1546875 0.09765625 0.034375 0.028125
5 0.5453125 0.10546875 0.05 0.0265625
5 0.8875 0.1109375 0.03984375 0.02734375
5 0.15390625 0.34140625 0.03828125 0.03359375
5 0.53984375 0.35 0.04375 0.02734375
5 0.86484375 0.34921875 0.03828125 0.03046875
5 0.15390625 0.575 0.03828125 0.0265625
5 0.528125 0.58046875 0.03515625 0.028125
5 0.84609375 0.58359375 0.03671875 0.02890625
5 0.1515625 0.7875 0.03515625 0.0234375
5 0.5265625 0.78359375 0.053125 0.03125
5 0.84375 0.78203125 0.04375 0.02578125