4 0.175 0.1890625 0.25859375 0.14765625
4 0.49453125 0.18203125 0.2546875 0.14453125
4 0.76875 0.17890625 0.2296875 0.13828125
4 0.1484375 0.38046875 0.2359375 0.14765625
4 0.47734375 0.371875 0.2515625 0.15078125
4 0.75703125 0.3703125 0.2578125 0.15546875
4 0.15546875 0.5765625 0.26015625 0.14609375
4 0.45234375 0.571875 0.2546875 0.15234375
4 0.7703125 0.571875 0.271875 0.16015625
4 0.16328125 0.77265625 0.27421875 0.15
4 0.45625 0.7578125 0.24765625 0.1453125
4 0.784375 0.7609375 0.27578125 0.16796875