4 0.20859375 0.184375 0.19140625 0.13671875
4 0.465625 0.175 0.1390625 0.12734375
4 0.725 0.17109375 0.12265625 0.11875
4 0.21640625 0.35 0.153125 0.11328125
4 0.4890625 0.33125 0.13671875 0.12578125
4 0.7421875 0.3109375 0.12734375 0.12265625
4 0.2171875 0.50390625 0.1515625 0.1203125
4 0.48984375 0.484375 0.1265625 0.12578125
4 0.73671875 0.46484375 0.12265625 0.1328125
4 0.21015625 0.6421875 0.13515625 0.12109375
4 0.4953125 0.63203125 0.1328125 0.1140625
4 0.74140625 0.621875 0.13359375 0.11640625