4 0.1609375 0.18203125 0.23203125 0.1484375
4 0.4859375 0.1796875 0.20703125 0.153125
4 0.74609375 0.1828125 0.19296875 0.159375
4 0.16484375 0.378125 0.21171875 0.13515625
4 0.4890625 0.3765625 0.221875 0.13828125
4 0.78359375 0.37421875 0.21328125 0.1484375
4 0.1640625 0.5734375 0.209375 0.14140625
4 0.47265625 0.57265625 0.20078125 0.14296875
4 0.78515625 0.5734375 0.246875 0.15078125
4 0.1921875 0.76171875 0.24453125 0.14296875
4 0.47578125 0.765625 0.19921875 0.146875
4 0.81171875 0.76171875 0.21953125 0.1546875