3 0.14453125 0.19296875 0.0296875 0.1703125
3 0.503125 0.19765625 0.04140625 0.18046875
3 0.81328125 0.19453125 0.04921875 0.18046875
3 0.15 0.37890625 0.028125 0.125
3 0.5046875 0.38359375 0.03046875 0.121875
3 0.815625 0.38359375 0.03671875 0.1234375
3 0.14765625 0.58046875 0.0453125 0.15390625
3 0.50234375 0.584375 0.03984375 0.1796875
3 0.80390625 0.540625 0.0453125 0.0953125
3 0.146875 0.80078125 0.02734375 0.1078125
3 0.50546875 0.81015625 0.0390625 0.134375
3 0.7984375 0.78203125 0.03046875 0.10234375
5 0.1453125 0.11875 0.03515625 0.02421875
5 0.49765625 0.12265625 0.06015625 0.03203125
5 0.80859375 0.1234375 0.053125 0.03828125
5 0.14921875 0.32578125 0.034375 0.02109375
5 0.50390625 0.3328125 0.053125 0.02734375
5 0.81015625 0.33671875 0.04375 0.03046875
5 0.16015625 0.528125 0.065625 0.05234375
5 0.50078125 0.51171875 0.05 0.0375
5 0.80234375 0.50546875 0.05625 0.02109375
5 0.14609375 0.75546875 0.03671875 0.0234375
5 0.50234375 0.75078125 0.046875 0.0265625
5 0.7984375 0.74140625 0.0453125 0.02421875