1 0.26796875 0.25625 0.14609375 0.03515625
1 0.50390625 0.253125 0.1421875 0.02890625
1 0.7359375 0.25234375 0.16171875 0.0328125
1 0.30078125 0.38984375 0.2171875 0.034375
1 0.55234375 0.38671875 0.1953125 0.0359375
1 0.78203125 0.38046875 0.153125 0.0359375
1 0.29140625 0.54296875 0.18515625 0.034375
1 0.5859375 0.54140625 0.19765625 0.02890625
1 0.80546875 0.5390625 0.165625 0.040625
1 0.30078125 0.69765625 0.19765625 0.04375
1 0.55625 0.69921875 0.19609375 0.053125
1 0.79296875 0.6984375 0.1828125 0.053125
5 0.2171875 0.25546875 0.03203125 0.028125
5 0.45625 0.25234375 0.0265625 0.02421875
5 0.67890625 0.24921875 0.03203125 0.02265625
5 0.21796875 0.38671875 0.03046875 0.02265625
5 0.4875 0.38515625 0.03046875 0.0296875
5 0.73046875 0.38046875 0.040625 0.03203125
5 0.22578125 0.54140625 0.0390625 0.03671875
5 0.51484375 0.5375 0.03203125 0.02421875
5 0.753125 0.53984375 0.03203125 0.03828125
5 0.2234375 0.69609375 0.0359375 0.03125
5 0.4859375 0.69609375 0.03359375 0.03125
5 0.74296875 0.69375 0.0296875 0.028125