4 0.13984375 0.184375 0.125 0.1171875
4 0.52890625 0.18515625 0.1453125 0.115625
4 0.85546875 0.1828125 0.140625 0.1171875
4 0.1421875 0.38828125 0.165625 0.1640625
4 0.503125 0.40078125 0.175 0.1671875
4 0.83203125 0.40703125 0.18125 0.1640625
4 0.12421875 0.65234375 0.16953125 0.1484375
4 0.49375 0.659375 0.19296875 0.15546875
4 0.81171875 0.65703125 0.17265625 0.1546875
4 0.13515625 0.88359375 0.16796875 0.14375
4 0.5015625 0.88828125 0.17734375 0.15078125
4 0.80703125 0.88984375 0.1671875 0.1609375