4 0.203125 0.1859375 0.28984375 0.17265625
4 0.50625 0.18984375 0.2921875 0.1828125
4 0.8203125 0.18671875 0.28984375 0.17421875
4 0.19921875 0.3859375 0.28671875 0.1796875
4 0.50859375 0.38671875 0.28828125 0.1828125
4 0.82109375 0.38671875 0.29609375 0.1828125
4 0.19296875 0.59453125 0.29765625 0.19140625
4 0.5046875 0.59375 0.290625 0.18515625
4 0.828125 0.59453125 0.30234375 0.18671875
4 0.19296875 0.80703125 0.29765625 0.18359375
4 0.50703125 0.809375 0.290625 0.20390625
4 0.83125 0.81015625 0.29609375 0.203125