4 0.1859375 0.2359375 0.265625 0.1671875
4 0.4859375 0.2375 0.26953125 0.15234375
4 0.7953125 0.23046875 0.2734375 0.14765625
4 0.18984375 0.45625 0.26953125 0.13984375
4 0.4859375 0.45390625 0.25703125 0.14375
4 0.78984375 0.44765625 0.27578125 0.15390625
4 0.1859375 0.671875 0.28515625 0.1390625
4 0.490625 0.66875 0.26015625 0.14375
4 0.7890625 0.6640625 0.25 0.13984375
4 0.19140625 0.8828125 0.2765625 0.134375
4 0.4953125 0.88125 0.25546875 0.13984375
4 0.79765625 0.88125 0.2640625 0.13828125