4 0.17421875 0.1296875 0.1328125 0.13671875
4 0.471875 0.1375 0.18515625 0.1515625
4 0.7421875 0.134375 0.15390625 0.1484375
4 0.15625 0.31328125 0.1421875 0.1609375
4 0.4609375 0.3109375 0.18671875 0.16484375
4 0.73828125 0.30546875 0.15703125 0.15
4 0.16484375 0.503125 0.1796875 0.1734375
4 0.45234375 0.49921875 0.18828125 0.15546875
4 0.7421875 0.4921875 0.18203125 0.15
4 0.1703125 0.67890625 0.1953125 0.15078125
4 0.44921875 0.6875 0.1671875 0.1734375
4 0.73125 0.69296875 0.17734375 0.1734375