4 0.18046875 0.1109375 0.2625 0.14609375
4 0.52734375 0.10546875 0.27265625 0.16015625
4 0.77734375 0.1 0.19609375 0.1484375
4 0.1296875 0.328125 0.20625 0.1453125
4 0.47734375 0.34296875 0.25625 0.20078125
4 0.77421875 0.3328125 0.20546875 0.21640625
4 0.1375 0.6046875 0.19921875 0.18984375
4 0.48828125 0.5703125 0.2828125 0.1765625
4 0.80859375 0.57421875 0.23828125 0.17734375
4 0.14453125 0.8703125 0.25390625 0.18125
4 0.4703125 0.8609375 0.20859375 0.184375
4 0.77734375 0.84609375 0.25234375 0.1703125