4 0.1734375 0.1625 0.18125 0.15390625
4 0.4515625 0.1640625 0.171875 0.16328125
4 0.77890625 0.18203125 0.2140625 0.1953125
4 0.15625 0.38203125 0.18359375 0.16484375
4 0.4359375 0.3921875 0.19140625 0.178125
4 0.74140625 0.4015625 0.19609375 0.1890625
4 0.15859375 0.6015625 0.18203125 0.171875
4 0.43984375 0.61875 0.19609375 0.19609375
4 0.73203125 0.6296875 0.19765625 0.21640625
4 0.17890625 0.8328125 0.1875 0.19453125
4 0.446875 0.83203125 0.18515625 0.1828125
4 0.7234375 0.83984375 0.20546875 0.17421875