4 0.17890625 0.10703125 0.22578125 0.13984375
4 0.53359375 0.09609375 0.21328125 0.1375
4 0.83671875 0.08984375 0.23046875 0.14296875
4 0.17421875 0.3140625 0.23984375 0.159375
4 0.5203125 0.31328125 0.23046875 0.15859375
4 0.83359375 0.30625 0.23203125 0.15703125
4 0.17890625 0.58359375 0.25859375 0.16328125
4 0.5015625 0.55234375 0.2234375 0.18359375
4 0.81484375 0.54765625 0.23984375 0.1765625
4 0.184375 0.790625 0.221875 0.15078125
4 0.50625 0.76953125 0.2296875 0.1390625
4 0.82890625 0.76171875 0.24453125 0.1546875