1 0.21953125 0.20625 0.22890625 0.03671875
1 0.49140625 0.203125 0.2421875 0.03828125
1 0.746875 0.20078125 0.21015625 0.04296875
1 0.21640625 0.34296875 0.22265625 0.03046875
1 0.47890625 0.34140625 0.23125 0.02578125
1 0.74921875 0.3375 0.23671875 0.02890625
1 0.22890625 0.51015625 0.2828125 0.025
1 0.50859375 0.5078125 0.24375 0.03125
1 0.77265625 0.5046875 0.22578125 0.03203125
1 0.2125 0.68671875 0.25625 0.0484375
1 0.48359375 0.6828125 0.24375 0.04375
1 0.7609375 0.68046875 0.26875 0.04453125
5 0.1296875 0.20390625 0.025 0.028125
5 0.39921875 0.19921875 0.0296875 0.02578125
5 0.671875 0.196875 0.028125 0.03515625
5 0.13125 0.346875 0.03046875 0.02265625
5 0.3796875 0.34375 0.0265625 0.021875
5 0.6546875 0.33984375 0.028125 0.028125
5 0.11953125 0.515625 0.03203125 0.02578125
5 0.4046875 0.50625 0.03203125 0.02890625
5 0.68359375 0.503125 0.0296875 0.021875
5 0.115625 0.6796875 0.0375 0.03515625
5 0.38203125 0.6765625 0.03046875 0.025
5 0.659375 0.67734375 0.0375 0.02578125