3 0.184375 0.22578125 0.03984375 0.1671875
3 0.521875 0.225 0.0328125 0.1546875
3 0.821875 0.2109375 0.08515625 0.17578125
3 0.18984375 0.4125 0.04296875 0.14609375
3 0.525 0.39765625 0.021875 0.146875
3 0.825 0.421875 0.07109375 0.20234375
3 0.196875 0.59296875 0.0453125 0.146875
3 0.528125 0.60078125 0.03125 0.1765625
3 0.8296875 0.62734375 0.059375 0.16796875
3 0.20625 0.78203125 0.053125 0.15546875
3 0.5359375 0.7921875 0.03984375 0.16171875
3 0.8359375 0.81640625 0.0578125 0.1671875
5 0.1828125 0.15625 0.04296875 0.0296875
5 0.52109375 0.15703125 0.02734375 0.02734375
5 0.81875 0.1484375 0.08984375 0.05703125
5 0.190625 0.35546875 0.04296875 0.034375
5 0.521875 0.33359375 0.02890625 0.02265625
5 0.8265625 0.34921875 0.0734375 0.05859375
5 0.1953125 0.53828125 0.04921875 0.0359375
5 0.5203125 0.5203125 0.02890625 0.01953125
5 0.82890625 0.5671875 0.05625 0.053125
5 0.2046875 0.7203125 0.0515625 0.03515625
5 0.528125 0.71953125 0.01953125 0.01796875
5 0.8328125 0.75234375 0.05 0.0390625