3 0.20234375 0.23359375 0.04921875 0.1609375
3 0.4640625 0.2328125 0.03046875 0.14765625
3 0.728125 0.24375 0.04609375 0.14375
3 0.2125 0.465625 0.059375 0.1640625
3 0.46796875 0.45703125 0.034375 0.15390625
3 0.721875 0.453125 0.02265625 0.15390625
3 0.2015625 0.678125 0.04375 0.15546875
3 0.4765625 0.67421875 0.03671875 0.15078125
3 0.71171875 0.66796875 0.03203125 0.15234375
3 0.20703125 0.8875 0.02890625 0.13828125
3 0.47578125 0.8859375 0.05 0.140625
3 0.70625 0.87578125 0.0515625 0.1296875
5 0.2 0.1640625 0.0390625 0.02578125
5 0.471875 0.18125 0.0375 0.028125
5 0.7265625 0.18203125 0.034375 0.0265625
5 0.2046875 0.39296875 0.034375 0.02265625
5 0.46796875 0.3890625 0.02421875 0.01796875
5 0.725 0.3921875 0.02890625 0.0171875
5 0.2046875 0.6078125 0.034375 0.021875
5 0.47734375 0.60703125 0.02578125 0.021875
5 0.6984375 0.5984375 0.0328125 0.01796875
5 0.20703125 0.828125 0.0390625 0.0203125
5 0.47109375 0.8234375 0.04453125 0.02578125
5 0.70234375 0.82265625 0.04296875 0.025