3 0.17734375 0.178125 0.04609375 0.14921875
3 0.521875 0.16328125 0.05703125 0.1578125
3 0.82734375 0.153125 0.053125 0.140625
3 0.18125 0.403125 0.0421875 0.146875
3 0.51484375 0.37421875 0.04765625 0.121875
3 0.84296875 0.365625 0.0421875 0.11640625
3 0.1859375 0.62578125 0.059375 0.1390625
3 0.496875 0.61015625 0.0609375 0.15234375
3 0.8328125 0.60703125 0.05 0.13359375
3 0.18515625 0.853125 0.04921875 0.14921875
3 0.515625 0.834375 0.06171875 0.140625
3 0.81875 0.8234375 0.05546875 0.125
5 0.18203125 0.11640625 0.04296875 0.03203125
5 0.52421875 0.10390625 0.0328125 0.0265625
5 0.8203125 0.0953125 0.04296875 0.0234375
5 0.1765625 0.340625 0.03984375 0.0265625
5 0.51015625 0.3234375 0.0375 0.03046875
5 0.8375 0.31640625 0.06171875 0.0265625
5 0.18046875 0.5734375 0.03984375 0.02265625
5 0.49921875 0.5484375 0.04296875 0.025
5 0.82109375 0.55390625 0.0515625 0.03359375
5 0.18203125 0.79609375 0.04609375 0.0390625
5 0.503125 0.78671875 0.0546875 0.03984375
5 0.815625 0.77265625 0.0515625 0.03203125