4 0.190625 0.1328125 0.2421875 0.178125
4 0.48125 0.13515625 0.2421875 0.1796875
4 0.81015625 0.1390625 0.23828125 0.184375
4 0.18984375 0.38671875 0.2609375 0.1640625
4 0.50078125 0.39765625 0.25703125 0.1828125
4 0.821875 0.3921875 0.23671875 0.184375
4 0.1828125 0.615625 0.2546875 0.1640625
4 0.48828125 0.62578125 0.21953125 0.16953125
4 0.79765625 0.63046875 0.24609375 0.175
4 0.190625 0.84609375 0.2671875 0.16875
4 0.50390625 0.8546875 0.2546875 0.1765625
4 0.81953125 0.85234375 0.21953125 0.16875