4 0.184375 0.128125 0.2984375 0.15390625
4 0.51796875 0.12734375 0.27890625 0.146875
4 0.83671875 0.134375 0.2609375 0.1484375
4 0.1875 0.33671875 0.27421875 0.1609375
4 0.48515625 0.334375 0.2625 0.17265625
4 0.80390625 0.3390625 0.27578125 0.165625
4 0.1765625 0.5515625 0.271875 0.16875
4 0.46484375 0.55234375 0.2609375 0.16796875
4 0.79609375 0.546875 0.26640625 0.15546875
4 0.1875 0.75859375 0.27578125 0.15
4 0.49140625 0.75234375 0.24609375 0.14453125
4 0.803125 0.75546875 0.278125 0.14296875