4 0.2203125 0.13671875 0.28828125 0.2234375
4 0.53359375 0.14453125 0.28671875 0.23671875
4 0.8453125 0.146875 0.271875 0.25234375
4 0.19453125 0.3828125 0.2828125 0.21875
4 0.52109375 0.3796875 0.30859375 0.2109375
4 0.84296875 0.39921875 0.27890625 0.21640625
4 0.1765625 0.609375 0.2703125 0.21640625
4 0.49296875 0.61484375 0.2625 0.21328125
4 0.80390625 0.62734375 0.2875 0.21015625
4 0.16328125 0.8328125 0.215625 0.20703125
4 0.471875 0.8375 0.23046875 0.209375
4 0.790625 0.85 0.24453125 0.215625