4 0.17890625 0.1671875 0.20546875 0.1796875
4 0.5390625 0.16171875 0.21171875 0.190625
4 0.828125 0.165625 0.209375 0.1984375
4 0.18984375 0.38671875 0.16875 0.1515625
4 0.51328125 0.40234375 0.18359375 0.184375
4 0.8125 0.41484375 0.16171875 0.178125
4 0.1703125 0.62265625 0.17109375 0.14375
4 0.50390625 0.6296875 0.17265625 0.16484375
4 0.790625 0.63359375 0.14921875 0.16484375
4 0.1734375 0.8359375 0.17734375 0.16953125
4 0.51484375 0.83828125 0.1859375 0.165625
4 0.78828125 0.83984375 0.1796875 0.1703125