4 0.1375 0.10390625 0.18671875 0.1546875
4 0.453125 0.10859375 0.20546875 0.17734375
4 0.78125 0.115625 0.20390625 0.19296875
4 0.11015625 0.3546875 0.16640625 0.1640625
4 0.42578125 0.35703125 0.19140625 0.16484375
4 0.725 0.34765625 0.159375 0.16015625
4 0.121875 0.58359375 0.18125 0.16796875
4 0.39921875 0.58359375 0.18125 0.1734375
4 0.69765625 0.58046875 0.184375 0.1890625
4 0.15546875 0.81953125 0.18203125 0.18828125
4 0.4 0.8296875 0.19140625 0.19609375
4 0.678125 0.81796875 0.20703125 0.19296875