1 0.16875 0.1296875 0.25078125 0.034375
1 0.47421875 0.115625 0.24375 0.0328125
1 0.78671875 0.09375 0.25546875 0.0359375
1 0.17421875 0.3125 0.2921875 0.03671875
1 0.4796875 0.29140625 0.24375 0.03359375
1 0.78359375 0.2734375 0.24921875 0.0328125
1 0.17734375 0.47109375 0.2859375 0.0421875
1 0.4984375 0.45859375 0.25859375 0.04375
1 0.80390625 0.43984375 0.246875 0.03359375
1 0.196875 0.646875 0.30390625 0.0484375
1 0.50078125 0.6296875 0.2359375 0.034375
1 0.81484375 0.6109375 0.25546875 0.0359375
5 0.0609375 0.13203125 0.0375 0.025
5 0.37578125 0.11640625 0.0375 0.03828125
5 0.68359375 0.096875 0.03203125 0.03203125
5 0.04921875 0.3140625 0.028125 0.025
5 0.38046875 0.2921875 0.03671875 0.025
5 0.68828125 0.271875 0.03359375 0.03203125
5 0.0546875 0.46796875 0.03671875 0.0375
5 0.3953125 0.45625 0.040625 0.04609375
5 0.703125 0.44140625 0.0375 0.0296875
5 0.06875 0.64296875 0.04140625 0.03828125
5 0.409375 0.63125 0.065625 0.03671875
5 0.7125 0.61015625 0.04296875 0.053125