3 0.1796875 0.1765625 0.0296875 0.0859375
3 0.5046875 0.16953125 0.02578125 0.0734375
3 0.8453125 0.17109375 0.03359375 0.0734375
3 0.17734375 0.3421875 0.02734375 0.07734375
3 0.49765625 0.34921875 0.0328125 0.07265625
3 0.85078125 0.359375 0.02734375 0.08828125
3 0.18046875 0.53203125 0.03125 0.05546875
3 0.47421875 0.53828125 0.03671875 0.0625
3 0.84140625 0.53671875 0.034375 0.05859375
3 0.17734375 0.7734375 0.034375 0.3421875
3 0.47421875 0.7125 0.034375 0.18125
3 0.8359375 0.70625 0.03359375 0.16171875
5 0.18125 0.1453125 0.02890625 0.0203125
5 0.503125 0.14296875 0.021875 0.01640625
5 0.85 0.14765625 0.0375 0.01953125
5 0.17890625 0.31328125 0.0359375 0.01796875
5 0.4984375 0.32421875 0.034375 0.01953125
5 0.85234375 0.3296875 0.0359375 0.028125
5 0.18046875 0.51484375 0.0359375 0.025
5 0.46875 0.51796875 0.0375 0.0265625
5 0.83984375 0.51875 0.0359375 0.02578125
5 0.17890625 0.61484375 0.0328125 0.02265625
5 0.4703125 0.63046875 0.03125 0.0234375
5 0.83515625 0.6375 0.0328125 0.034375