4 0.13359375 0.14296875 0.21953125 0.17421875
4 0.534375 0.14921875 0.3078125 0.1859375
4 0.84296875 0.18671875 0.27421875 0.18359375
4 0.146875 0.33125 0.24140625 0.15546875
4 0.4890625 0.35234375 0.30078125 0.15
4 0.8078125 0.3734375 0.30234375 0.14375
4 0.1453125 0.55859375 0.2515625 0.1640625
4 0.475 0.565625 0.284375 0.17265625
4 0.77421875 0.559375 0.28671875 0.15234375
4 0.15390625 0.7453125 0.28046875 0.1421875
4 0.4671875 0.7609375 0.2828125 0.15859375
4 0.77421875 0.765625 0.284375 0.153125