4 0.1625 0.18359375 0.228125 0.1640625
4 0.52578125 0.18515625 0.265625 0.1765625
4 0.8390625 0.1890625 0.24609375 0.19375
4 0.153125 0.43046875 0.21328125 0.159375
4 0.5015625 0.4421875 0.25078125 0.1828125
4 0.82265625 0.44765625 0.271875 0.196875
4 0.15 0.703125 0.240625 0.1453125
4 0.51796875 0.70625 0.23828125 0.165625
4 0.81953125 0.71015625 0.2359375 0.1703125
4 0.1421875 0.90078125 0.24453125 0.1453125
4 0.50390625 0.9015625 0.24296875 0.15390625
4 0.80234375 0.90390625 0.24296875 0.1546875