4 0.2140625 0.165625 0.2265625 0.16953125
4 0.51640625 0.16953125 0.21171875 0.17265625
4 0.828125 0.16484375 0.228125 0.17421875
4 0.2046875 0.40859375 0.24453125 0.21484375
4 0.50625 0.409375 0.2 0.17421875
4 0.821875 0.409375 0.25234375 0.16484375
4 0.20546875 0.634375 0.25390625 0.16953125
4 0.5109375 0.63046875 0.2140625 0.1671875
4 0.8390625 0.6171875 0.24140625 0.1640625
4 0.2234375 0.859375 0.271875 0.178125
4 0.52265625 0.859375 0.25234375 0.1765625
4 0.825 0.8578125 0.24609375 0.1609375