4 0.09765625 0.09921875 0.171875 0.15703125
4 0.4578125 0.10625 0.196875 0.1703125
4 0.79765625 0.1171875 0.196875 0.1640625
4 0.15625 0.2828125 0.18671875 0.1703125
4 0.475 0.28671875 0.196875 0.15625
4 0.7875 0.28984375 0.159375 0.15390625
4 0.11953125 0.48046875 0.203125 0.165625
4 0.49609375 0.49140625 0.215625 0.165625
4 0.79296875 0.4796875 0.19921875 0.1484375
4 0.12265625 0.71328125 0.18046875 0.1609375
4 0.4890625 0.71640625 0.196875 0.1765625
4 0.78046875 0.70546875 0.2109375 0.1515625