4 0.178125 0.14453125 0.28359375 0.1828125
4 0.47734375 0.13515625 0.22578125 0.18046875
4 0.82421875 0.13203125 0.22578125 0.1765625
4 0.1875 0.3875 0.2765625 0.2109375
4 0.496875 0.3828125 0.2421875 0.20625
4 0.809375 0.3796875 0.22421875 0.20703125
4 0.19375 0.621875 0.28515625 0.19296875
4 0.50078125 0.6171875 0.24765625 0.19765625
4 0.82890625 0.5984375 0.24765625 0.18515625
4 0.18125 0.85625 0.28203125 0.20234375
4 0.5109375 0.85078125 0.24453125 0.20625
4 0.8421875 0.8328125 0.23359375 0.17421875