4 0.1359375 0.11328125 0.18203125 0.11953125
4 0.353125 0.10859375 0.14921875 0.11328125
4 0.59453125 0.11171875 0.16796875 0.12734375
4 0.828125 0.1171875 0.190625 0.13828125
4 0.12265625 0.3328125 0.184375 0.13828125
4 0.39375 0.325 0.2171875 0.16875
4 0.63203125 0.3171875 0.19296875 0.175
4 0.85703125 0.31171875 0.20703125 0.19375
4 0.12578125 0.615625 0.178125 0.1546875
4 0.37265625 0.6015625 0.2171875 0.171875
4 0.61484375 0.59609375 0.17421875 0.1640625
4 0.8484375 0.578125 0.23203125 0.19375
4 0.1328125 0.8046875 0.18046875 0.1484375
4 0.39296875 0.79453125 0.203125 0.1875
4 0.61796875 0.78125 0.196875 0.171875
4 0.8375 0.775 0.15546875 0.16953125