4 0.1140625 0.20234375 0.17734375 0.1421875
4 0.4515625 0.1953125 0.18515625 0.15390625
4 0.728125 0.19609375 0.21953125 0.165625
4 0.12421875 0.43046875 0.1875 0.16640625
4 0.39453125 0.4296875 0.1796875 0.1625
4 0.65078125 0.43671875 0.175 0.1625
4 0.10546875 0.65078125 0.16875 0.15078125
4 0.35390625 0.65546875 0.1890625 0.178125
4 0.61796875 0.65546875 0.17109375 0.1609375
4 0.0984375 0.8921875 0.14375 0.15625
4 0.31328125 0.89375 0.17109375 0.1609375
4 0.57421875 0.89765625 0.15703125 0.16328125