4 0.18671875 0.2046875 0.271875 0.178125
4 0.52734375 0.2234375 0.278125 0.1765625
4 0.821875 0.23359375 0.253125 0.15390625
4 0.190625 0.4015625 0.271875 0.14296875
4 0.51328125 0.4203125 0.278125 0.13359375
4 0.80390625 0.453125 0.234375 0.13671875
4 0.19296875 0.62421875 0.2796875 0.15625
4 0.471875 0.63359375 0.21171875 0.15390625
4 0.75859375 0.63984375 0.209375 0.15390625
4 0.18359375 0.834375 0.2859375 0.1765625
4 0.46328125 0.83671875 0.215625 0.16953125
4 0.74609375 0.825 0.246875 0.13046875