4 0.1296875 0.1171875 0.190625 0.1609375
4 0.46796875 0.11875 0.2546875 0.171875
4 0.765625 0.11953125 0.2109375 0.165625
4 0.128125 0.34296875 0.209375 0.1609375
4 0.4484375 0.34140625 0.2234375 0.1765625
4 0.759375 0.3390625 0.23203125 0.16875
4 0.14296875 0.56015625 0.24609375 0.1734375
4 0.48671875 0.5578125 0.209375 0.165625
4 0.784375 0.56015625 0.18203125 0.1609375
4 0.1296875 0.78203125 0.203125 0.1671875
4 0.48359375 0.78046875 0.20703125 0.1640625
4 0.78984375 0.77890625 0.20546875 0.1640625