1 0.1796875 0.15390625 0.178125 0.05078125
1 0.4796875 0.140625 0.2078125 0.03828125
1 0.7609375 0.134375 0.23828125 0.03671875
1 0.16875 0.34140625 0.2046875 0.05234375
1 0.4609375 0.303125 0.2671875 0.059375
1 0.7546875 0.29296875 0.23828125 0.053125
1 0.1578125 0.5015625 0.19609375 0.04375
1 0.4203125 0.484375 0.284375 0.05
1 0.73359375 0.45625 0.24765625 0.059375
1 0.15859375 0.7171875 0.2171875 0.03515625
1 0.4453125 0.65859375 0.2453125 0.053125
1 0.746875 0.6390625 0.31015625 0.06015625
5 0.11328125 0.1578125 0.03359375 0.03515625
5 0.40390625 0.13828125 0.0265625 0.025
5 0.66953125 0.14140625 0.034375 0.02890625
5 0.08984375 0.34609375 0.0359375 0.03203125
5 0.3625 0.29921875 0.053125 0.0375
5 0.653125 0.29765625 0.040625 0.03125
5 0.08359375 0.509375 0.0390625 0.02734375
5 0.30078125 0.490625 0.04765625 0.04296875
5 0.63046875 0.4671875 0.04609375 0.0375
5 0.06484375 0.71953125 0.05 0.0390625
5 0.36015625 0.6640625 0.0515625 0.0375
5 0.6203125 0.640625 0.053125 0.03203125