3 0.1125 0.14296875 0.046875 0.1515625
3 0.49609375 0.146875 0.0375 0.15546875
3 0.86015625 0.14921875 0.03515625 0.15703125
3 0.121875 0.33125 0.03515625 0.0875
3 0.490625 0.3296875 0.03515625 0.09921875
3 0.85390625 0.32265625 0.0296875 0.09140625
3 0.12578125 0.5453125 0.03671875 0.09140625
3 0.50234375 0.53359375 0.028125 0.0921875
3 0.828125 0.51171875 0.02578125 0.0671875
3 0.13515625 0.7921875 0.03984375 0.321875
3 0.50234375 0.784375 0.03515625 0.3125
3 0.8140625 0.775 0.03828125 0.28984375
5 0.1078125 0.08203125 0.04296875 0.02578125
5 0.49375 0.084375 0.03515625 0.03125
5 0.86171875 0.08515625 0.04375 0.034375
5 0.12109375 0.2953125 0.028125 0.0171875
5 0.490625 0.2921875 0.03125 0.0234375
5 0.8515625 0.2875 0.03515625 0.02421875
5 0.125 0.5109375 0.0296875 0.025
5 0.503125 0.49765625 0.025 0.02265625
5 0.8234375 0.4890625 0.0265625 0.01640625
5 0.12890625 0.64296875 0.0328125 0.02734375
5 0.503125 0.6390625 0.0328125 0.02265625
5 0.81328125 0.64140625 0.0328125 0.02578125