4 0.159375 0.171875 0.19296875 0.13515625
4 0.465625 0.18046875 0.1578125 0.14296875
4 0.78203125 0.18125 0.178125 0.14140625
4 0.1703125 0.39765625 0.21328125 0.13359375
4 0.4921875 0.37109375 0.2109375 0.1390625
4 0.765625 0.371875 0.2234375 0.14765625
4 0.175 0.61484375 0.21953125 0.14140625
4 0.46484375 0.61796875 0.215625 0.14375
4 0.77265625 0.61875 0.2421875 0.1484375
4 0.165625 0.84609375 0.221875 0.14375
4 0.4609375 0.8421875 0.215625 0.1390625
4 0.77734375 0.83984375 0.25078125 0.14375