4 0.21640625 0.16953125 0.22421875 0.1515625
4 0.575 0.18671875 0.21484375 0.18125
4 0.83671875 0.18984375 0.1875 0.190625
4 0.22578125 0.375 0.25390625 0.16875
4 0.5625 0.40078125 0.22109375 0.17734375
4 0.8421875 0.38671875 0.19296875 0.17421875
4 0.2359375 0.58203125 0.2546875 0.1671875
4 0.5484375 0.5921875 0.2171875 0.17734375
4 0.83203125 0.5921875 0.2078125 0.18671875
4 0.24140625 0.83203125 0.26875 0.18984375
4 0.51796875 0.83515625 0.215625 0.1859375
4 0.8265625 0.83828125 0.2359375 0.19296875