4 0.1875 0.18359375 0.153125 0.13046875
4 0.4515625 0.1875 0.1390625 0.13203125
4 0.77109375 0.18125 0.159375 0.12890625
4 0.184375 0.39140625 0.196875 0.14296875
4 0.44375 0.40234375 0.184375 0.13359375
4 0.76171875 0.39296875 0.16953125 0.13046875
4 0.18671875 0.6296875 0.221875 0.13046875
4 0.4953125 0.62421875 0.16015625 0.13515625
4 0.8078125 0.62421875 0.15546875 0.12890625
4 0.20234375 0.8390625 0.18203125 0.12109375
4 0.4703125 0.85390625 0.171875 0.14140625
4 0.78125 0.8421875 0.15546875 0.13671875