4 0.121875 0.18828125 0.15703125 0.12265625
4 0.51953125 0.1859375 0.153125 0.12578125
4 0.86640625 0.18828125 0.15078125 0.12890625
4 0.13125 0.3890625 0.16953125 0.14140625
4 0.50234375 0.39375 0.1546875 0.14140625
4 0.84296875 0.3875 0.13671875 0.13671875
4 0.1203125 0.65234375 0.165625 0.15390625
4 0.484375 0.6625 0.16796875 0.159375
4 0.809375 0.66015625 0.15546875 0.16484375
4 0.12578125 0.89609375 0.16328125 0.1546875
4 0.49140625 0.90078125 0.1515625 0.15390625
4 0.80234375 0.90234375 0.1546875 0.15546875