4 0.15546875 0.1203125 0.18671875 0.159375
4 0.4421875 0.11484375 0.17578125 0.15859375
4 0.70703125 0.1046875 0.16953125 0.16484375
4 0.1390625 0.31171875 0.159375 0.17265625
4 0.409375 0.31484375 0.16796875 0.171875
4 0.70078125 0.315625 0.178125 0.1765625
4 0.14140625 0.496875 0.14296875 0.1578125
4 0.39453125 0.5015625 0.16875 0.1640625
4 0.68828125 0.49921875 0.15546875 0.1625
4 0.14453125 0.6875 0.16875 0.16875
4 0.3875 0.69609375 0.1421875 0.17734375
4 0.67734375 0.69453125 0.18203125 0.17421875