1 0.1515625 0.090625 0.1796875 0.03515625
1 0.46484375 0.07734375 0.178125 0.0421875
1 0.79609375 0.071875 0.21953125 0.053125
1 0.16640625 0.23203125 0.228125 0.05
1 0.4546875 0.2140625 0.190625 0.0546875
1 0.80859375 0.20625 0.23203125 0.05859375
1 0.1984375 0.37578125 0.27734375 0.07421875
1 0.50625 0.3609375 0.22734375 0.06171875
1 0.82265625 0.34140625 0.2234375 0.065625
1 0.165625 0.51640625 0.21640625 0.0640625
1 0.48671875 0.49609375 0.2328125 0.06796875
1 0.81328125 0.45859375 0.20546875 0.05703125
5 0.0953125 0.09296875 0.04453125 0.034375
5 0.4109375 0.07890625 0.04296875 0.04609375
5 0.7265625 0.07265625 0.04609375 0.06015625
5 0.103125 0.23046875 0.05703125 0.04765625
5 0.3984375 0.21484375 0.05 0.05703125
5 0.7453125 0.20625 0.05546875 0.05546875
5 0.103125 0.37578125 0.05703125 0.0734375
5 0.440625 0.3625 0.05703125 0.059375
5 0.75703125 0.34375 0.0484375 0.06796875
5 0.09296875 0.51640625 0.05390625 0.06171875
5 0.42265625 0.49375 0.04296875 0.05859375
5 0.74453125 0.4625 0.040625 0.04453125