3 0.103125 0.1953125 0.03203125 0.13828125
3 0.1078125 0.34453125 0.04296875 0.16015625
3 0.11953125 0.50546875 0.04453125 0.159375
3 0.1296875 0.671875 0.040625 0.1703125
3 0.39921875 0.18203125 0.040625 0.10625
3 0.4078125 0.3 0.03984375 0.13203125
3 0.4203125 0.4828125 0.0375 0.228125
3 0.42578125 0.68828125 0.040625 0.1796875
3 0.64375 0.18359375 0.04296875 0.103125
3 0.646875 0.315625 0.03984375 0.15859375
3 0.65078125 0.475 0.040625 0.16328125
3 0.65859375 0.63046875 0.05546875 0.14765625
3 0.91171875 0.1953125 0.034375 0.1234375
3 0.9078125 0.36484375 0.03984375 0.21484375
3 0.9125 0.51875 0.0390625 0.09609375
3 0.91328125 0.6265625 0.02890625 0.115625
5 0.10234375 0.13828125 0.02734375 0.025
5 0.39296875 0.14140625 0.03828125 0.03046875
5 0.6390625 0.1484375 0.05078125 0.03125
5 0.909375 0.1484375 0.0296875 0.0265625
5 0.1046875 0.27578125 0.03515625 0.0265625
5 0.40703125 0.24765625 0.0421875 0.03046875
5 0.64375 0.24609375 0.03125 0.02109375
5 0.90625 0.26875 0.03203125 0.03046875
5 0.11875 0.4375 0.040625 0.0265625
5 0.41796875 0.37890625 0.0390625 0.02421875
5 0.6453125 0.40625 0.034375 0.0265625
5 0.90390625 0.48203125 0.03671875 0.02109375
5 0.128125 0.59765625 0.04296875 0.02109375
5 0.425 0.61015625 0.0328125 0.025
5 0.659375 0.5703125 0.0515625 0.02421875
5 0.9109375 0.5765625 0.03359375 0.021875