4 0.16484375 0.19921875 0.29453125 0.21484375
4 0.478125 0.20078125 0.29296875 0.22109375
4 0.78125 0.1984375 0.2828125 0.22421875
4 0.16015625 0.4171875 0.290625 0.19921875
4 0.46484375 0.41796875 0.28515625 0.1953125
4 0.7953125 0.41953125 0.2984375 0.20078125
4 0.16328125 0.62890625 0.2875 0.19765625
4 0.4625 0.63203125 0.2828125 0.19921875
4 0.78984375 0.63046875 0.3046875 0.20078125
4 0.15703125 0.8390625 0.26953125 0.19609375
4 0.4484375 0.83828125 0.27578125 0.19609375
4 0.7703125 0.83984375 0.2921875 0.20234375