4 0.16015625 0.1640625 0.17578125 0.14453125
4 0.44609375 0.16640625 0.17421875 0.153125
4 0.74609375 0.16640625 0.17265625 0.16796875
4 0.16875 0.36015625 0.15546875 0.15703125
4 0.4453125 0.36328125 0.1640625 0.14765625
4 0.740625 0.35625 0.15390625 0.1453125
4 0.1703125 0.56640625 0.153125 0.1234375
4 0.43515625 0.55234375 0.1921875 0.109375
4 0.73125 0.55625 0.15703125 0.1359375
4 0.16953125 0.74921875 0.18984375 0.14609375
4 0.45390625 0.73046875 0.128125 0.090625
4 0.7265625 0.7265625 0.1375 0.1140625