4 0.1671875 0.1890625 0.165625 0.1421875
4 0.453125 0.19296875 0.128125 0.128125
4 0.76015625 0.215625 0.196875 0.13671875
4 0.1828125 0.36796875 0.19140625 0.1296875
4 0.4875 0.37265625 0.178125 0.13046875
4 0.77578125 0.3859375 0.17421875 0.1484375
4 0.18203125 0.5515625 0.153125 0.121875
4 0.459375 0.56328125 0.1296875 0.1109375
4 0.7484375 0.565625 0.14609375 0.11484375
4 0.18984375 0.72890625 0.18984375 0.12890625
4 0.46328125 0.7484375 0.18671875 0.12734375
4 0.746875 0.7484375 0.1703125 0.12421875