4 0.19296875 0.190625 0.13828125 0.1265625
4 0.51796875 0.20625 0.1734375 0.1375
4 0.7875 0.20390625 0.16328125 0.1359375
4 0.20703125 0.37890625 0.16015625 0.140625
4 0.50546875 0.38203125 0.16015625 0.1453125
4 0.796875 0.384375 0.159375 0.1359375
4 0.19765625 0.5625 0.1484375 0.12890625
4 0.4984375 0.57890625 0.2171875 0.14609375
4 0.784375 0.5828125 0.18828125 0.13203125
4 0.1609375 0.73828125 0.21875 0.13203125
4 0.484375 0.7484375 0.13984375 0.10859375
4 0.77890625 0.75703125 0.13984375 0.125