3 0.12890625 0.24765625 0.0390625 0.19140625
3 0.12578125 0.40625 0.0453125 0.12890625
3 0.13125 0.5484375 0.05078125 0.15078125
3 0.1328125 0.6875 0.06171875 0.128125
3 0.5 0.20859375 0.0421875 0.1015625
3 0.50078125 0.315625 0.03515625 0.1078125
3 0.50390625 0.42578125 0.04921875 0.1078125
3 0.50625 0.60859375 0.05 0.25703125
3 0.809375 0.21015625 0.02734375 0.10859375
3 0.81171875 0.34296875 0.0296875 0.15546875
3 0.81875 0.49296875 0.0359375 0.14609375
3 0.82109375 0.6625 0.0375 0.196875
5 0.12734375 0.171875 0.04375 0.03984375
5 0.49921875 0.175 0.04375 0.0359375
5 0.8078125 0.1640625 0.02734375 0.02890625
5 0.13046875 0.35859375 0.04765625 0.0328125
5 0.50234375 0.27734375 0.040625 0.03671875
5 0.809375 0.2765625 0.02890625 0.021875
5 0.13125 0.4890625 0.05078125 0.0375
5 0.5046875 0.38828125 0.05234375 0.034375
5 0.8171875 0.43046875 0.0328125 0.0234375
5 0.134375 0.6484375 0.0703125 0.04921875
5 0.50546875 0.49765625 0.05625 0.040625
5 0.81875 0.57890625 0.03828125 0.0265625