1 0.165625 0.13515625 0.22265625 0.04921875
1 0.4703125 0.13125 0.19765625 0.0375
1 0.76640625 0.12890625 0.2078125 0.04375
1 0.18671875 0.34765625 0.2421875 0.05
1 0.4875 0.35625 0.22578125 0.05078125
1 0.7953125 0.35625 0.23515625 0.04375
1 0.1765625 0.54765625 0.21953125 0.05078125
1 0.53671875 0.56484375 0.25703125 0.053125
1 0.81796875 0.565625 0.2265625 0.04453125
1 0.209375 0.75703125 0.2546875 0.06484375
1 0.51640625 0.76875 0.2203125 0.05234375
1 0.80625 0.7859375 0.2453125 0.053125
5 0.090625 0.1375 0.0515625 0.04140625
5 0.396875 0.13125 0.02890625 0.04140625
5 0.69375 0.1296875 0.0359375 0.04140625
5 0.10546875 0.34765625 0.04609375 0.04140625
5 0.403125 0.35546875 0.04140625 0.04453125
5 0.71015625 0.3578125 0.0484375 0.03359375
5 0.10703125 0.54609375 0.034375 0.040625
5 0.43125 0.56171875 0.0484375 0.04921875
5 0.73203125 0.56640625 0.0484375 0.04375
5 0.1140625 0.7515625 0.0375 0.05625
5 0.42734375 0.7671875 0.0515625 0.05234375
5 0.715625 0.78515625 0.04609375 0.05078125