9 0.42890625 0.1359375 0.2234375 0.06875
0 0.446875 0.21328125 0.06640625 0.09375
7 0.4703125 0.284375 0.3359375 0.06015625
0 0.46015625 0.353125 0.065625 0.10078125
8 0.48671875 0.4234375 0.19375 0.0453125
0 0.47578125 0.47578125 0.0484375 0.075
4 0.47265625 0.5625 0.09140625 0.10703125
0 0.48125 0.65625 0.04921875 0.08203125
7 0.48828125 0.715625 0.21875 0.04765625
0 0.4984375 0.7765625 0.0546875 0.08828125
7 0.484375 0.840625 0.19140625 0.05
1 0.2890625 0.8390625 0.20703125 0.03203125
3 0.17734375 0.7125 0.04296875 0.2625
2 0.3046875 0.5734375 0.26015625 0.03203125
2 0.59296875 0.5515625 0.15546875 0.02890625
6 0.72734375 0.54453125 0.128125 0.059375
0 0.7234375 0.60234375 0.046875 0.0765625
9 0.73359375 0.66015625 0.13203125 0.040625
5 0.45234375 0.234375 0.0703125 0.04140625
5 0.4609375 0.3828125 0.06328125 0.0375
5 0.471875 0.496875 0.046875 0.03125
5 0.40859375 0.5734375 0.03984375 0.03359375
5 0.18125 0.59375 0.046875 0.02578125
5 0.21328125 0.84453125 0.04453125 0.0390625
5 0.49765625 0.80625 0.06171875 0.03046875
5 0.47890625 0.6796875 0.0546875 0.03671875
5 0.64453125 0.54765625 0.0515625 0.0296875
5 0.725 0.628125 0.03828125 0.02421875