9 0.13359375 0.146875 0.1734375 0.05546875
2 0.284375 0.146875 0.1359375 0.0265625
7 0.4734375 0.1453125 0.25859375 0.06484375
0 0.4796875 0.2328125 0.05234375 0.1140625
7 0.4890625 0.31328125 0.32890625 0.065625
0 0.4890625 0.378125 0.0484375 0.08203125
8 0.50234375 0.4421875 0.1765625 0.04296875
0 0.49609375 0.4921875 0.0484375 0.071875
4 0.51015625 0.5828125 0.13671875 0.11328125
0 0.52578125 0.66875 0.0515625 0.06171875
7 0.540625 0.71484375 0.21640625 0.04375
0 0.52890625 0.7484375 0.04296875 0.0375
7 0.54140625 0.7828125 0.140625 0.0375
0 0.54140625 0.81875 0.0484375 0.04453125
7 0.540625 0.8578125 0.16640625 0.040625
0 0.53359375 0.89375 0.040625 0.0515625
7 0.553125 0.93515625 0.25390625 0.04375
2 0.73125 0.9375 0.11640625 0.021875
3 0.784375 0.7578125 0.0359375 0.36953125
1 0.6765625 0.578125 0.20703125 0.028125
1 0.396875 0.590625 0.09609375 0.028125
6 0.25 0.6140625 0.17109375 0.07265625
3 0.23515625 0.54453125 0.0515625 0.0875
9 0.22734375 0.4734375 0.15703125 0.065625
5 0.325 0.14609375 0.05703125 0.028125
5 0.4765625 0.2625 0.06171875 0.04609375
5 0.4875 0.4015625 0.0484375 0.03359375
5 0.48984375 0.5125 0.05625 0.02578125
5 0.3546875 0.5921875 0.05703125 0.02734375
5 0.23359375 0.51484375 0.04140625 0.0296875
5 0.5296875 0.684375 0.06875 0.03046875
5 0.5328125 0.75625 0.034375 0.01640625
5 0.5390625 0.8265625 0.05234375 0.01953125
5 0.53671875 0.909375 0.040625 0.02421875
5 0.76875 0.9375 0.040625 0.02421875
5 0.7890625 0.5828125 0.040625 0.02421875
5 0.59765625 0.5796875 0.05703125 0.03515625