9 0.42578125 0.1359375 0.23046875 0.08984375
0 0.4296875 0.21796875 0.06171875 0.084375
7 0.44375 0.2953125 0.3125 0.0765625
0 0.45234375 0.3625 0.06953125 0.07578125
4 0.465625 0.44765625 0.1203125 0.1046875
0 0.47109375 0.52578125 0.05 0.0640625
7 0.46796875 0.5796875 0.22578125 0.05390625
0 0.4640625 0.6375 0.05390625 0.0828125
7 0.47421875 0.6984375 0.26015625 0.059375
1 0.26484375 0.7109375 0.1875 0.0359375
3 0.16015625 0.590625 0.0515625 0.271875
2 0.278125 0.4453125 0.2703125 0.04140625
2 0.6109375 0.4484375 0.18125 0.03515625
6 0.7953125 0.4375 0.1796875 0.096875
0 0.803125 0.5203125 0.0671875 0.0828125
9 0.81875 0.58046875 0.16796875 0.0625
5 0.4296875 0.23828125 0.06171875 0.0453125
5 0.45 0.38125 0.0640625 0.03515625
5 0.47578125 0.54296875 0.04140625 0.0296875
5 0.46484375 0.66171875 0.06015625 0.0390625
5 0.2015625 0.7140625 0.075 0.0328125
5 0.15390625 0.471875 0.059375 0.02421875
5 0.38671875 0.446875 0.0578125 0.04296875
5 0.67421875 0.45078125 0.05234375 0.040625
5 0.8046875 0.5453125 0.05 0.02734375