9 0.471875 0.05234375 0.4140625 0.10234375
0 0.44765625 0.134375 0.0453125 0.08125
7 0.4453125 0.20625 0.33046875 0.08046875
0 0.44921875 0.28359375 0.05078125 0.08828125
8 0.43515625 0.35703125 0.29921875 0.071875
0 0.4421875 0.43515625 0.0671875 0.0953125
6 0.45859375 0.54453125 0.35 0.13671875
0 0.43046875 0.66171875 0.0484375 0.11171875
9 0.4234375 0.7640625 0.40234375 0.1015625
5 0.44765625 0.16328125 0.06171875 0.021875
5 0.44609375 0.31171875 0.05546875 0.03359375
5 0.440625 0.4703125 0.06171875 0.0296875
5 0.43125 0.70390625 0.06796875 0.028125