9 0.4328125 0.09375 0.29296875 0.07890625
0 0.425 0.1671875 0.04296875 0.078125
7 0.47578125 0.2421875 0.4703125 0.090625
0 0.4328125 0.3140625 0.04453125 0.06171875
8 0.42890625 0.37109375 0.228125 0.06328125
0 0.42421875 0.4265625 0.05078125 0.05546875
7 0.4328125 0.49921875 0.38046875 0.10859375
0 0.45390625 0.58046875 0.053125 0.0890625
6 0.471875 0.6734375 0.3109375 0.11171875
0 0.434375 0.76171875 0.03984375 0.0828125
9 0.42734375 0.84296875 0.31953125 0.09609375
5 0.4234375 0.19375 0.046875 0.025
5 0.4296875 0.3375 0.06015625 0.0234375
5 0.425 0.44375 0.0578125 0.02578125
5 0.45 0.6046875 0.0546875 0.028125
5 0.4359375 0.78359375 0.040625 0.025