9 0.390625 0.10625 0.2484375 0.09296875
0 0.384375 0.16953125 0.04140625 0.0609375
7 0.38828125 0.23125 0.1484375 0.07265625
0 0.38515625 0.29296875 0.03515625 0.06875
8 0.38203125 0.3546875 0.23203125 0.0640625
0 0.38203125 0.4125 0.0390625 0.06015625
7 0.40234375 0.475 0.3203125 0.0828125
0 0.390625 0.5421875 0.04140625 0.06640625
4 0.39375 0.6375 0.22890625 0.1296875
1 0.20234375 0.625 0.16640625 0.02578125
0 0.13359375 0.6828125 0.0453125 0.11484375
6 0.15546875 0.8 0.2671875 0.128125
2 0.46953125 0.79140625 0.3703125 0.03515625
9 0.75 0.79296875 0.19765625 0.0625
0 0.75390625 0.728125 0.03828125 0.0734375
6 0.80625 0.64140625 0.23984375 0.09609375
2 0.59609375 0.6234375 0.17890625 0.025
5 0.38359375 0.190625 0.0375 0.0234375
5 0.3859375 0.3171875 0.03671875 0.02109375
5 0.3796875 0.43203125 0.0453125 0.02265625
5 0.390625 0.56328125 0.04375 0.02421875
5 0.13671875 0.6265625 0.034375 0.025
5 0.13828125 0.7328125 0.046875 0.02890625
5 0.63203125 0.79375 0.0515625 0.03671875
5 0.6671875 0.62109375 0.04453125 0.028125
5 0.75859375 0.7515625 0.0515625 0.025