3 0.171875 0.15859375 0.04375 0.1140625
3 0.49296875 0.190625 0.0421875 0.15390625
3 0.83046875 0.1953125 0.040625 0.13984375
3 0.16328125 0.3796875 0.04375 0.11640625
3 0.50234375 0.3890625 0.04375 0.1375
3 0.80859375 0.38671875 0.03203125 0.1390625
3 0.159375 0.54453125 0.03671875 0.09609375
3 0.50390625 0.55703125 0.040625 0.1171875
3 0.8015625 0.55703125 0.03671875 0.10859375
3 0.15 0.71484375 0.0296875 0.11015625
3 0.503125 0.721875 0.03828125 0.12109375
3 0.7921875 0.72265625 0.028125 0.11953125
5 0.16796875 0.11328125 0.04140625 0.0203125
5 0.49140625 0.12421875 0.04375 0.025
5 0.825 0.1359375 0.034375 0.021875
5 0.16015625 0.33359375 0.04375 0.02578125
5 0.49453125 0.33046875 0.03046875 0.01953125
5 0.81015625 0.32890625 0.04375 0.0234375
5 0.159375 0.50859375 0.034375 0.025
5 0.4984375 0.50859375 0.02890625 0.01953125
5 0.79765625 0.515625 0.03984375 0.02890625
5 0.146875 0.66953125 0.0328125 0.0171875
5 0.496875 0.66796875 0.0328125 0.025
5 0.7890625 0.675 0.0328125 0.028125