9 0.4203125 0.0890625 0.275 0.075
0 0.4234375 0.1671875 0.03984375 0.0875
7 0.4875 0.23671875 0.44375 0.06875
0 0.4375 0.3 0.04609375 0.0734375
8 0.428125 0.36484375 0.2953125 0.06875
0 0.4328125 0.43125 0.04765625 0.08828125
4 0.4375 0.540625 0.278125 0.13515625
0 0.43828125 0.66484375 0.0421875 0.115625
7 0.44765625 0.75078125 0.3796875 0.08828125
0 0.45 0.81640625 0.04609375 0.06953125
7 0.43515625 0.8828125 0.328125 0.0796875
1 0.203125 0.8984375 0.16171875 0.03125
3 0.1046875 0.71796875 0.0453125 0.375
2 0.20078125 0.5328125 0.20703125 0.0265625
2 0.6578125 0.5296875 0.17265625 0.02109375
6 0.83125 0.52890625 0.19296875 0.0890625
0 0.7984375 0.60390625 0.0390625 0.07578125
9 0.79921875 0.6671875 0.2359375 0.0703125
5 0.42578125 0.2015625 0.040625 0.021875
5 0.43671875 0.3265625 0.0421875 0.0234375
5 0.43203125 0.465625 0.04765625 0.025
5 0.43984375 0.70625 0.06328125 0.03671875
5 0.45703125 0.840625 0.04609375 0.02109375
5 0.14453125 0.9 0.040625 0.03359375
5 0.10234375 0.54140625 0.05078125 0.03125
5 0.28203125 0.5296875 0.040625 0.03125
5 0.71953125 0.52734375 0.0421875 0.03125
5 0.79375 0.62890625 0.04609375 0.025