9 0.1765625 0.0640625 0.18515625 0.06015625
2 0.3140625 0.0671875 0.1 0.0265625
7 0.5 0.0734375 0.284375 0.0640625
0 0.49140625 0.12890625 0.0328125 0.0625
7 0.503125 0.1921875 0.3921875 0.07109375
0 0.48828125 0.246875 0.03203125 0.05390625
8 0.48203125 0.29453125 0.2046875 0.046875
0 0.48828125 0.3421875 0.03984375 0.05703125
4 0.4890625 0.4265625 0.20859375 0.115625
0 0.49140625 0.51953125 0.03828125 0.07578125
7 0.49921875 0.58046875 0.26171875 0.05546875
0 0.48828125 0.62109375 0.034375 0.03984375
7 0.48671875 0.66796875 0.16328125 0.059375
0 0.49296875 0.71484375 0.0296875 0.05234375
7 0.49453125 0.76640625 0.196875 0.0625
0 0.49609375 0.81953125 0.0296875 0.05703125
7 0.5171875 0.87578125 0.30234375 0.065625
2 0.72421875 0.8703125 0.128125 0.02265625
3 0.803125 0.64375 0.04296875 0.4578125
1 0.69921875 0.415625 0.21171875 0.02734375
1 0.325 0.41640625 0.125 0.02890625
6 0.1640625 0.4265625 0.19140625 0.07265625
3 0.146875 0.35234375 0.0453125 0.08984375
9 0.1265625 0.275 0.209375 0.06640625
5 0.3453125 0.06796875 0.034375 0.03671875
5 0.490625 0.1484375 0.05625 0.01953125
5 0.4890625 0.26640625 0.034375 0.01640625
5 0.48671875 0.3609375 0.0390625 0.01640625
5 0.278125 0.41796875 0.028125 0.025
5 0.14453125 0.3203125 0.0453125 0.02421875
5 0.4859375 0.55078125 0.0375 0.02109375
5 0.49140625 0.634375 0.03515625 0.01875
5 0.4984375 0.73671875 0.034375 0.02421875
5 0.496875 0.84140625 0.034375 0.02421875
5 0.76640625 0.87109375 0.0421875 0.03515625
5 0.80625 0.4265625 0.046875 0.01875
5 0.60546875 0.41640625 0.0390625 0.028125