9 0.4390625 0.08828125 0.29375 0.06328125
0 0.43046875 0.14296875 0.0421875 0.06328125
7 0.43515625 0.20859375 0.3734375 0.08125
0 0.421875 0.2703125 0.0421875 0.05703125
8 0.39609375 0.32890625 0.259375 0.07578125
0 0.37578125 0.39453125 0.0421875 0.071875
4 0.3734375 0.478125 0.2 0.1046875
0 0.36171875 0.565625 0.0390625 0.07578125
7 0.34921875 0.63203125 0.2890625 0.06875
0 0.35078125 0.6984375 0.0421875 0.07578125
7 0.378125 0.76640625 0.34375 0.075
1 0.13984375 0.7625 0.1609375 0.03203125
3 0.07109375 0.6234375 0.040625 0.30625
2 0.1765625 0.47109375 0.2125 0.0359375
2 0.5546875 0.46875 0.165625 0.0296875
6 0.74375 0.484375 0.221875 0.09609375
0 0.7109375 0.56640625 0.0375 0.07890625
9 0.715625 0.63828125 0.24375 0.07109375
5 0.428125 0.1609375 0.046875 0.021875
5 0.42265625 0.28671875 0.04765625 0.03125
5 0.375 0.41640625 0.04375 0.02265625
5 0.36015625 0.5921875 0.0421875 0.02265625
5 0.3484375 0.728125 0.040625 0.01796875
5 0.0765625 0.76484375 0.040625 0.02890625
5 0.0765625 0.48125 0.0375 0.02578125
5 0.2578125 0.47421875 0.0375 0.03828125
5 0.61640625 0.46953125 0.03515625 0.02890625
5 0.7078125 0.59296875 0.046875 0.02265625