9 0.28984375 0.1546875 0.25625 0.07109375
0 0.2984375 0.21328125 0.04765625 0.05703125
7 0.29609375 0.26875 0.2609375 0.06953125
0 0.3078125 0.3328125 0.0578125 0.0765625
4 0.33125 0.45078125 0.33828125 0.17109375
0 0.3296875 0.57421875 0.03984375 0.08046875
6 0.3171875 0.65703125 0.23671875 0.0984375
0 0.3234375 0.72578125 0.04609375 0.0953125
7 0.3921875 0.8 0.378125 0.084375
1 0.121875 0.8171875 0.18125 0.0328125
3 0.04921875 0.634375 0.0421875 0.36640625
2 0.1 0.44609375 0.13046875 0.03203125
2 0.58984375 0.42109375 0.1953125 0.03828125
9 0.8140625 0.41171875 0.26875 0.09296875
5 0.3 0.22734375 0.05546875 0.028125
5 0.30859375 0.3546875 0.0609375 0.02890625
5 0.3265625 0.6015625 0.0453125 0.02421875
5 0.3234375 0.75859375 0.0625 0.02578125
5 0.04765625 0.8203125 0.03828125 0.03125
5 0.04921875 0.46484375 0.05 0.03046875
5 0.13828125 0.45078125 0.0453125 0.03125
5 0.66796875 0.4203125 0.03359375 0.0359375