9 0.40078125 0.10546875 0.18828125 0.08359375
0 0.40703125 0.18984375 0.04453125 0.09453125
7 0.48359375 0.259375 0.4828125 0.0796875
0 0.41796875 0.32890625 0.0546875 0.0828125
8 0.41640625 0.39453125 0.34140625 0.08203125
0 0.41875 0.46015625 0.040625 0.0796875
4 0.40546875 0.55625 0.17265625 0.121875
0 0.40234375 0.65859375 0.0375 0.08359375
7 0.4109375 0.72265625 0.296875 0.06953125
0 0.41875 0.78046875 0.040625 0.07109375
7 0.43203125 0.83984375 0.3125 0.07421875
1 0.215625 0.8546875 0.13828125 0.03515625
3 0.13359375 0.70625 0.04765625 0.33046875
2 0.23125 0.54453125 0.20078125 0.02265625
2 0.5640625 0.53828125 0.1578125 0.0265625
6 0.7390625 0.540625 0.21171875 0.096875
0 0.71015625 0.61953125 0.05 0.08125
9 0.7046875 0.69921875 0.13984375 0.08203125
5 0.40234375 0.2265625 0.04296875 0.01640625
5 0.41484375 0.35703125 0.040625 0.02421875
5 0.41484375 0.48828125 0.0375 0.01953125
5 0.40546875 0.6890625 0.03515625 0.01953125
5 0.4140625 0.80625 0.053125 0.028125
5 0.1546875 0.8609375 0.0390625 0.0265625
5 0.125 0.55078125 0.03515625 0.02265625
5 0.3171875 0.54140625 0.03203125 0.028125
5 0.621875 0.540625 0.0421875 0.02734375
5 0.7125 0.6515625 0.0390625 0.0265625