9 0.12421875 0.05390625 0.16171875 0.065625
2 0.25234375 0.0546875 0.10390625 0.02265625
7 0.440625 0.04921875 0.28671875 0.06328125
0 0.46015625 0.1015625 0.03359375 0.065625
7 0.4609375 0.15703125 0.42734375 0.0671875
0 0.46953125 0.2234375 0.0390625 0.0765625
8 0.440625 0.28359375 0.221875 0.06484375
0 0.46640625 0.3390625 0.03203125 0.06328125
4 0.45859375 0.41171875 0.146875 0.08828125
0 0.46640625 0.49375 0.0390625 0.078125
7 0.47109375 0.553125 0.25546875 0.06015625
0 0.46875 0.60390625 0.03359375 0.065625
7 0.45703125 0.6640625 0.1375 0.06015625
0 0.4734375 0.72421875 0.0375 0.0828125
7 0.47109375 0.78828125 0.184375 0.06015625
0 0.47890625 0.853125 0.0359375 0.078125
7 0.515625 0.92421875 0.325 0.08359375
2 0.71640625 0.91171875 0.0953125 0.028125
3 0.73203125 0.6375 0.07265625 0.5265625
1 0.61640625 0.39375 0.178125 0.034375
1 0.3265625 0.41796875 0.1328125 0.0328125
6 0.1296875 0.45 0.19765625 0.10859375
3 0.1234375 0.365625 0.03359375 0.0765625
9 0.09375 0.296875 0.1421875 0.07265625
5 0.2859375 0.05390625 0.0375 0.01796875
5 0.46015625 0.1234375 0.03359375 0.015625
5 0.4640625 0.24765625 0.0359375 0.0203125
5 0.47109375 0.3578125 0.0359375 0.01875
5 0.4625 0.51953125 0.0421875 0.01640625
5 0.4703125 0.6234375 0.05 0.0234375
5 0.47578125 0.75234375 0.03203125 0.0234375
5 0.47734375 0.87890625 0.0359375 0.01875
5 0.75546875 0.90859375 0.0390625 0.034375
5 0.70703125 0.384375 0.0390625 0.025
5 0.54453125 0.39609375 0.046875 0.0296875
5 0.27109375 0.41875 0.05625 0.03671875
5 0.1234375 0.33984375 0.0375 0.025