9 0.43828125 0.121875 0.2375 0.0875
0 0.44765625 0.19921875 0.05859375 0.075
7 0.47109375 0.2703125 0.378125 0.0796875
0 0.46875 0.3375 0.05390625 0.071875
8 0.44765625 0.4 0.26875 0.07109375
0 0.43828125 0.459375 0.05234375 0.0734375
4 0.44375 0.54765625 0.16484375 0.10859375
0 0.43828125 0.640625 0.03125 0.08046875
7 0.43359375 0.70625 0.265625 0.08125
0 0.44296875 0.76953125 0.04921875 0.07265625
7 0.45234375 0.83359375 0.34296875 0.08125
1 0.21875 0.85078125 0.1546875 0.03046875
3 0.12578125 0.6984375 0.06015625 0.33125
2 0.24609375 0.54296875 0.2296875 0.02578125
2 0.6 0.5375 0.1546875 0.02421875
6 0.77890625 0.54609375 0.2203125 0.1046875
0 0.74921875 0.63046875 0.06640625 0.08125
9 0.76328125 0.7 0.134375 0.0609375
5 0.45078125 0.22890625 0.06171875 0.025
5 0.46796875 0.36015625 0.05234375 0.02265625
5 0.44453125 0.48828125 0.04296875 0.02578125
5 0.43671875 0.671875 0.03984375 0.02421875
5 0.44453125 0.79609375 0.05546875 0.0328125
5 0.1546875 0.85703125 0.04921875 0.0328125
5 0.11640625 0.54296875 0.04140625 0.03515625
5 0.34765625 0.54296875 0.03203125 0.025
5 0.66328125 0.5375 0.03671875 0.02578125
5 0.759375 0.65859375 0.06484375 0.028125