3 0.128125 0.13984375 0.0359375 0.08046875
3 0.503125 0.14140625 0.0359375 0.0828125
3 0.82265625 0.153125 0.04453125 0.11015625
3 0.13671875 0.3828125 0.04140625 0.1296875
3 0.4921875 0.3921875 0.03515625 0.1421875
3 0.815625 0.37421875 0.03359375 0.12265625
3 0.13828125 0.5625 0.0359375 0.0828125
3 0.4671875 0.55625 0.065625 0.07734375
3 0.8140625 0.571875 0.0453125 0.1125
3 0.146875 0.828125 0.053125 0.27109375
3 0.471875 0.81953125 0.0453125 0.29375
3 0.80859375 0.81328125 0.0375 0.28125
5 0.1234375 0.1109375 0.03515625 0.0203125
5 0.50390625 0.1109375 0.03828125 0.02421875
5 0.825 0.1109375 0.04375 0.03203125
5 0.13125 0.3296875 0.034375 0.0234375
5 0.4921875 0.3328125 0.0328125 0.0234375
5 0.8125 0.325 0.02734375 0.028125
5 0.13828125 0.53515625 0.0359375 0.028125
5 0.4703125 0.5328125 0.08515625 0.0328125
5 0.81171875 0.52890625 0.046875 0.028125
5 0.1390625 0.703125 0.046875 0.021875
5 0.46796875 0.6875 0.0453125 0.0296875
5 0.80625 0.68984375 0.03984375 0.0359375