1 0.2796875 0.22578125 0.175 0.034375
1 0.515625 0.21796875 0.16484375 0.02890625
1 0.71796875 0.215625 0.16640625 0.03203125
1 0.26953125 0.3765625 0.18046875 0.0296875
1 0.5171875 0.37265625 0.1703125 0.0296875
1 0.73046875 0.36796875 0.153125 0.0296875
1 0.30625 0.5125 0.19296875 0.04453125
1 0.53125 0.50546875 0.1734375 0.0296875
1 0.74765625 0.50078125 0.153125 0.0359375
1 0.29140625 0.66796875 0.1421875 0.0296875
1 0.54765625 0.665625 0.1578125 0.03046875
1 0.76171875 0.66328125 0.1703125 0.03359375
5 0.215625 0.2234375 0.03203125 0.02890625
5 0.45859375 0.21484375 0.0390625 0.02890625
5 0.6578125 0.2171875 0.0390625 0.02734375
5 0.19921875 0.37734375 0.05859375 0.03125
5 0.46015625 0.37421875 0.0390625 0.03203125
5 0.6796875 0.36796875 0.04609375 0.028125
5 0.240625 0.5125 0.040625 0.04140625
5 0.47265625 0.50703125 0.03359375 0.03046875
5 0.69921875 0.49765625 0.0359375 0.03125
5 0.24296875 0.66640625 0.06171875 0.03671875
5 0.4828125 0.6640625 0.04296875 0.03515625
5 0.70703125 0.6609375 0.0375 0.03359375