9 0.50703125 0.2265625 0.3125 0.11796875
0 0.5 0.3 0.034375 0.053125
7 0.503125 0.359375 0.21875 0.08671875
0 0.4859375 0.41171875 0.03203125 0.053125
4 0.4828125 0.48671875 0.27109375 0.10703125
0 0.48515625 0.57578125 0.03828125 0.08359375
6 0.44609375 0.64609375 0.15859375 0.07734375
0 0.45078125 0.69296875 0.03359375 0.0796875
7 0.409375 0.76484375 0.2890625 0.09296875
1 0.1671875 0.7703125 0.21171875 0.02578125
3 0.103125 0.61875 0.08828125 0.340625
2 0.240625 0.46328125 0.221875 0.04609375
2 0.67578125 0.47734375 0.125 0.0296875
9 0.821875 0.484375 0.1921875 0.109375
5 0.4953125 0.31640625 0.0390625 0.0265625
5 0.48515625 0.42734375 0.03046875 0.021875
5 0.4875 0.60390625 0.02890625 0.028125
5 0.44765625 0.71953125 0.04609375 0.01796875
5 0.08828125 0.77265625 0.04140625 0.028125
5 0.1234375 0.4625 0.0546875 0.0390625
5 0.328125 0.471875 0.0453125 0.0328125
5 0.7234375 0.47421875 0.0390625 0.0328125