9 0.5203125 0.19375 0.378125 0.14609375
0 0.5359375 0.27109375 0.034375 0.0375
7 0.55703125 0.32734375 0.30546875 0.0984375
0 0.5203125 0.39375 0.0359375 0.08046875
8 0.509375 0.45546875 0.153125 0.0609375
0 0.49921875 0.51484375 0.04140625 0.0859375
6 0.496875 0.61484375 0.3171875 0.1421875
0 0.471875 0.6765625 0.04140625 0.08046875
9 0.44375 0.75078125 0.26953125 0.1
5 0.53671875 0.28046875 0.03828125 0.01796875
5 0.51875 0.41875 0.0390625 0.021875
5 0.496875 0.54375 0.04140625 0.02421875
5 0.46640625 0.7078125 0.0390625 0.03125