9 0.5015625 0.1953125 0.39921875 0.125
0 0.50546875 0.26875 0.04140625 0.05234375
7 0.55703125 0.33203125 0.54375 0.1203125
0 0.4890625 0.40859375 0.03828125 0.084375
8 0.4703125 0.4734375 0.21640625 0.07109375
0 0.4703125 0.52421875 0.04296875 0.05703125
7 0.4578125 0.58359375 0.38984375 0.09296875
0 0.45546875 0.659375 0.04296875 0.1
6 0.45234375 0.7484375 0.18828125 0.10078125
0 0.428125 0.80546875 0.034375 0.06953125
9 0.39140625 0.87734375 0.21328125 0.1046875
5 0.50390625 0.28671875 0.040625 0.01796875
5 0.48828125 0.4390625 0.03203125 0.021875
5 0.46796875 0.5375 0.0546875 0.03046875
5 0.45703125 0.68984375 0.04140625 0.03359375
5 0.42578125 0.83125 0.04375 0.0296875