9 0.47109375 0.11171875 0.29375 0.11875
0 0.4546875 0.178125 0.03046875 0.01875
7 0.5046875 0.221875 0.465625 0.09375
0 0.4484375 0.28125 0.040625 0.065625
6 0.42109375 0.3609375 0.31328125 0.14375
0 0.42265625 0.415625 0.0359375 0.059375
8 0.39375 0.46328125 0.15625 0.04765625
0 0.39921875 0.49921875 0.03203125 0.0375
6 0.378125 0.5796875 0.3125 0.1640625
0 0.36953125 0.62578125 0.03671875 0.0609375
8 0.33828125 0.6859375 0.17734375 0.05234375
0 0.35390625 0.73671875 0.03125 0.06953125
7 0.309375 0.80078125 0.2734375 0.07734375
2 0.5015625 0.8015625 0.1328125 0.0328125
6 0.7265625 0.81328125 0.33671875 0.16171875
0 0.65859375 0.88515625 0.04140625 0.0625
9 0.64375 0.95859375 0.18984375 0.0796875
5 0.45546875 0.18046875 0.03125 0.0109375
5 0.4453125 0.3015625 0.034375 0.0171875
5 0.42109375 0.43359375 0.03203125 0.01796875
5 0.40078125 0.50859375 0.04296875 0.0171875
5 0.36171875 0.6578125 0.02890625 0.02265625
5 0.3515625 0.75859375 0.03203125 0.01796875
5 0.55234375 0.80546875 0.04140625 0.03046875
5 0.65 0.92109375 0.03359375 0.0265625