9 0.48125 0.2078125 0.33671875 0.15
0 0.47578125 0.2875 0.04375 0.046875
7 0.4765625 0.34921875 0.1390625 0.0875
0 0.46015625 0.41484375 0.04296875 0.06328125
8 0.44453125 0.4703125 0.215625 0.0640625
0 0.425 0.51484375 0.0359375 0.0453125
7 0.46953125 0.57265625 0.371875 0.084375
0 0.4171875 0.621875 0.03125 0.03984375
4 0.41875 0.6875 0.15078125 0.10234375
1 0.2625 0.68671875 0.1703125 0.0375
0 0.16875 0.7484375 0.0484375 0.1375
6 0.1984375 0.87265625 0.165625 0.13046875
2 0.4265625 0.8609375 0.31796875 0.04921875
9 0.66171875 0.86796875 0.1640625 0.0765625
0 0.63984375 0.7984375 0.03359375 0.0765625
6 0.6734375 0.71015625 0.13203125 0.1109375
2 0.5515625 0.68828125 0.1328125 0.0328125
5 0.4765625 0.30234375 0.02109375 0.01328125
5 0.45390625 0.4359375 0.03359375 0.0203125
5 0.42421875 0.5296875 0.03125 0.01484375
5 0.4203125 0.63125 0.028125 0.01640625
5 0.1953125 0.6828125 0.03203125 0.03125
5 0.16875 0.8078125 0.0453125 0.0234375
5 0.57265625 0.86953125 0.03359375 0.02890625
5 0.5984375 0.6921875 0.0390625 0.02578125
5 0.63828125 0.8234375 0.0359375 0.01796875