9 0.446875 0.1359375 0.2359375 0.09296875
0 0.4546875 0.2015625 0.0375 0.04765625
7 0.45546875 0.2640625 0.34609375 0.0828125
0 0.45625 0.31796875 0.03515625 0.0484375
8 0.45546875 0.3796875 0.23203125 0.0796875
0 0.446875 0.44296875 0.0453125 0.0734375
4 0.440625 0.546875 0.18046875 0.14296875
0 0.4640625 0.665625 0.0328125 0.10078125
7 0.44921875 0.75859375 0.20859375 0.071875
0 0.45234375 0.80859375 0.0359375 0.05
7 0.49609375 0.8703125 0.2875 0.08515625
1 0.32265625 0.8765625 0.11796875 0.02890625
3 0.2578125 0.71015625 0.0328125 0.3453125
2 0.30625 0.54921875 0.09765625 0.0328125
2 0.5890625 0.55 0.125 0.04140625
6 0.74609375 0.5703125 0.18984375 0.1203125
5 0.4515625 0.21484375 0.0390625 0.028125
5 0.45546875 0.33359375 0.0359375 0.02265625
5 0.44921875 0.46015625 0.06015625 0.0390625
5 0.4625 0.70234375 0.034375 0.03359375
5 0.45546875 0.821875 0.03515625 0.0203125
5 0.275 0.88203125 0.02109375 0.0390625
5 0.25546875 0.55234375 0.03515625 0.028125
5 0.34296875 0.55234375 0.0375 0.0390625
5 0.6359375 0.5484375 0.02734375 0.04375