9 0.4484375 0.1578125 0.284375 0.1203125
0 0.45 0.24609375 0.04765625 0.0515625
7 0.41328125 0.30703125 0.31171875 0.0796875
0 0.41953125 0.36875 0.0484375 0.0640625
4 0.4109375 0.47421875 0.23671875 0.16015625
0 0.43203125 0.60546875 0.046875 0.09453125
6 0.43203125 0.7 0.23046875 0.109375
0 0.44296875 0.7625 0.034375 0.05390625
7 0.49921875 0.8265625 0.40234375 0.08671875
1 0.2390625 0.83046875 0.14296875 0.0359375
3 0.1640625 0.65078125 0.05078125 0.3671875
2 0.2296875 0.47421875 0.1375 0.03828125
2 0.621875 0.46796875 0.1984375 0.04921875
9 0.8046875 0.45234375 0.15703125 0.11484375
5 0.45078125 0.26015625 0.0484375 0.03046875
5 0.41953125 0.38359375 0.04453125 0.028125
5 0.43359375 0.6359375 0.05390625 0.03984375
5 0.44453125 0.7734375 0.0390625 0.02890625
5 0.18515625 0.834375 0.034375 0.040625
5 0.15859375 0.48046875 0.05703125 0.0296875
5 0.2828125 0.47578125 0.0390625 0.0390625
5 0.69609375 0.46875 0.05 0.06015625