9 0.4828125 0.1328125 0.21171875 0.0921875
0 0.46796875 0.21015625 0.04765625 0.071875
7 0.47578125 0.27578125 0.35703125 0.07265625
0 0.48828125 0.328125 0.04609375 0.07421875
8 0.4875 0.38671875 0.17734375 0.06484375
0 0.48984375 0.43515625 0.04375 0.075
4 0.4796875 0.52578125 0.17265625 0.12578125
0 0.50859375 0.63125 0.0453125 0.10546875
7 0.51015625 0.709375 0.2515625 0.07734375
0 0.51875 0.76953125 0.04375 0.09453125
7 0.55 0.853125 0.26015625 0.1078125
1 0.34765625 0.86015625 0.19765625 0.04375
3 0.284375 0.703125 0.06875 0.33125
2 0.3625 0.5453125 0.12890625 0.03359375
2 0.64140625 0.521875 0.184375 0.0390625
6 0.840625 0.5390625 0.21171875 0.11484375
0 0.8265625 0.61640625 0.05234375 0.0640625
9 0.8171875 0.671875 0.15703125 0.07421875
5 0.465625 0.22890625 0.040625 0.02578125
5 0.48359375 0.35078125 0.03515625 0.03046875
5 0.48828125 0.46171875 0.03515625 0.02265625
5 0.51015625 0.6609375 0.03828125 0.03515625
5 0.5171875 0.8 0.0453125 0.03125
5 0.2703125 0.8671875 0.03203125 0.04375
5 0.2984375 0.55078125 0.03515625 0.025
5 0.39765625 0.546875 0.06484375 0.0328125
5 0.70390625 0.52265625 0.0421875 0.03828125
5 0.8234375 0.6296875 0.03515625 0.028125