9 0.1796875 0.0734375 0.1421875 0.06015625
2 0.2890625 0.0703125 0.103125 0.02734375
7 0.49375 0.0640625 0.29296875 0.06328125
0 0.5109375 0.109375 0.03984375 0.05703125
7 0.5765625 0.1671875 0.3328125 0.0796875
0 0.58984375 0.22734375 0.04921875 0.0671875
8 0.5953125 0.2828125 0.17265625 0.06015625
0 0.6 0.3265625 0.0359375 0.06171875
4 0.60078125 0.38828125 0.13515625 0.0859375
0 0.6203125 0.478125 0.05078125 0.1140625
7 0.61953125 0.56875 0.246875 0.07578125
0 0.63359375 0.6203125 0.04765625 0.06015625
7 0.65 0.6796875 0.175 0.075
0 0.65078125 0.74375 0.04375 0.0703125
7 0.63359375 0.8078125 0.22421875 0.0765625
0 0.63671875 0.86171875 0.0375 0.06640625
7 0.6453125 0.925 0.31953125 0.0859375
2 0.82265625 0.9109375 0.06875 0.0328125
3 0.8296875 0.63984375 0.115625 0.5484375
1 0.715625 0.38203125 0.1390625 0.0359375
1 0.45078125 0.4140625 0.19375 0.05234375
6 0.25078125 0.45 0.20390625 0.0765625
3 0.21640625 0.3765625 0.06328125 0.10390625
9 0.1921875 0.3 0.13515625 0.065625
5 0.32109375 0.06875 0.02890625 0.0265625
5 0.50234375 0.11640625 0.0375 0.021875
5 0.59453125 0.24296875 0.04921875 0.03046875
5 0.5984375 0.34765625 0.0421875 0.03046875
5 0.6265625 0.52109375 0.0359375 0.0359375
5 0.63359375 0.6390625 0.03984375 0.0234375
5 0.65234375 0.76640625 0.0453125 0.02734375
5 0.63828125 0.8796875 0.034375 0.025
5 0.8375 0.9125 0.03046875 0.03359375
5 0.7828125 0.38671875 0.0265625 0.0203125
5 0.65703125 0.38125 0.02265625 0.03046875
5 0.37578125 0.421875 0.0328125 0.03046875
5 0.21015625 0.33203125 0.0359375 0.0203125