9 0.4609375 0.13671875 0.24140625 0.0953125
0 0.45390625 0.2046875 0.04296875 0.06484375
7 0.4890625 0.26796875 0.35625 0.07578125
0 0.4828125 0.33515625 0.04609375 0.075
8 0.45078125 0.403125 0.25390625 0.065625
0 0.46875 0.46171875 0.05234375 0.065625
4 0.453125 0.5484375 0.15625 0.11640625
0 0.459375 0.65625 0.06484375 0.121875
7 0.44921875 0.7515625 0.28828125 0.08359375
0 0.45859375 0.8265625 0.05234375 0.08984375
7 0.45390625 0.9078125 0.38046875 0.096875
1 0.20546875 0.9234375 0.178125 0.040625
3 0.1125 0.75078125 0.05390625 0.3625
2 0.26953125 0.5671875 0.26640625 0.04140625
2 0.6203125 0.55625 0.22109375 0.0375
6 0.865625 0.56640625 0.25703125 0.115625
0 0.86875 0.65625 0.05859375 0.08203125
9 0.88046875 0.734375 0.1921875 0.08984375
5 0.45234375 0.22890625 0.06171875 0.025
5 0.48125 0.3453125 0.034375 0.02109375
5 0.46875 0.475 0.04609375 0.0296875
5 0.46328125 0.696875 0.06015625 0.040625
5 0.4609375 0.8546875 0.07421875 0.040625
5 0.140625 0.9265625 0.0375 0.0375
5 0.121875 0.590625 0.07265625 0.0359375
5 0.375 0.559375 0.04609375 0.0375
5 0.6984375 0.559375 0.04921875 0.0375
5 0.86796875 0.678125 0.05078125 0.03984375