9 0.5046875 0.19609375 0.190625 0.09296875
0 0.5203125 0.2734375 0.04296875 0.07734375
7 0.51640625 0.34375 0.20390625 0.07890625
0 0.4984375 0.42109375 0.04765625 0.10078125
4 0.47421875 0.52109375 0.28125 0.12734375
0 0.4875 0.62578125 0.05234375 0.0984375
6 0.4921875 0.73125 0.19453125 0.1203125
0 0.50625 0.81171875 0.04140625 0.08203125
7 0.5375 0.890625 0.3171875 0.0984375
1 0.30546875 0.9125 0.18125 0.046875
3 0.21796875 0.7265625 0.05703125 0.40078125
2 0.28671875 0.53203125 0.146875 0.0421875
2 0.66640625 0.53125 0.14140625 0.03828125
9 0.815625 0.51796875 0.175 0.1234375
5 0.5203125 0.290625 0.04140625 0.03046875
5 0.5 0.4578125 0.0453125 0.0296875
5 0.49296875 0.6671875 0.05078125 0.03203125
5 0.50078125 0.8375 0.04140625 0.028125
5 0.23125 0.92109375 0.03828125 0.0296875
5 0.21171875 0.54609375 0.04765625 0.0265625
5 0.3359375 0.5265625 0.0453125 0.0296875
5 0.71171875 0.5265625 0.034375 0.0359375