9 0.28984375 0.15703125 0.25546875 0.06640625
0 0.296875 0.2125 0.04140625 0.0578125
7 0.29609375 0.26953125 0.2671875 0.06953125
0 0.30703125 0.33125 0.05 0.0734375
4 0.32890625 0.4484375 0.33828125 0.17265625
0 0.33046875 0.57578125 0.04609375 0.0859375
6 0.31875 0.65703125 0.23515625 0.0984375
0 0.32109375 0.72421875 0.0515625 0.09375
7 0.38671875 0.80234375 0.384375 0.08046875
1 0.12578125 0.8171875 0.19140625 0.025
3 0.0484375 0.6328125 0.0515625 0.3703125
2 0.09765625 0.44765625 0.128125 0.028125
2 0.59140625 0.42109375 0.19140625 0.04453125
9 0.81328125 0.41015625 0.2640625 0.09609375
5 0.29921875 0.23125 0.0421875 0.0265625
5 0.309375 0.3546875 0.053125 0.0265625
5 0.33203125 0.60234375 0.04609375 0.03515625
5 0.31953125 0.7578125 0.05078125 0.034375
5 0.046875 0.81953125 0.0421875 0.03515625
5 0.05 0.46875 0.04375 0.0328125
5 0.1421875 0.45 0.0390625 0.03828125
5 0.66796875 0.421875 0.0484375 0.046875