9 0.46875 0.10703125 0.32265625 0.096875
0 0.48828125 0.1953125 0.03515625 0.0890625
7 0.50234375 0.27734375 0.28828125 0.08671875
0 0.5078125 0.365625 0.04375 0.1
8 0.4765625 0.459375 0.253125 0.0859375
0 0.47265625 0.5515625 0.03984375 0.09921875
6 0.503125 0.6484375 0.24765625 0.103125
0 0.4796875 0.74765625 0.034375 0.0953125
9 0.5171875 0.8390625 0.39765625 0.1
5 0.4875 0.228125 0.02890625 0.01953125
5 0.503125 0.40546875 0.03828125 0.0234375
5 0.47421875 0.5921875 0.03125 0.02421875
5 0.48046875 0.7796875 0.03515625 0.01953125