9 0.5125 0.10625 0.28828125 0.08125
0 0.51796875 0.184375 0.0296875 0.078125
7 0.528125 0.25703125 0.26953125 0.0765625
0 0.52421875 0.32265625 0.02578125 0.06328125
8 0.50078125 0.38984375 0.20546875 0.08125
0 0.5046875 0.47578125 0.034375 0.09296875
7 0.53515625 0.55546875 0.32890625 0.08359375
0 0.52265625 0.63984375 0.034375 0.10078125
6 0.546875 0.728125 0.18671875 0.08671875
0 0.521875 0.80703125 0.0296875 0.07265625
9 0.53203125 0.89296875 0.44921875 0.103125
5 0.51640625 0.21328125 0.03515625 0.02265625
5 0.52265625 0.34375 0.0296875 0.02109375
5 0.5046875 0.51171875 0.03828125 0.02734375
5 0.52421875 0.67578125 0.03515625 0.025
5 0.5234375 0.83125 0.0375 0.0265625