9 0.50546875 0.10234375 0.265625 0.08125
0 0.528125 0.1859375 0.02109375 0.0859375
7 0.52109375 0.26484375 0.1859375 0.08515625
0 0.5328125 0.35 0.0265625 0.09609375
8 0.50703125 0.434375 0.1921875 0.08515625
0 0.51875 0.51796875 0.02890625 0.0859375
7 0.528125 0.59765625 0.34609375 0.084375
0 0.5484375 0.68125 0.03046875 0.09140625
4 0.55546875 0.7640625 0.10859375 0.078125
1 0.38828125 0.76484375 0.23046875 0.02265625
0 0.27265625 0.825 0.028125 0.12890625
6 0.28515625 0.9265625 0.209375 0.08125
2 0.58359375 0.91015625 0.36640625 0.02578125
9 0.8703125 0.9125 0.2171875 0.06875
0 0.86171875 0.83515625 0.0265625 0.09140625
6 0.8546875 0.75859375 0.16015625 0.0828125
2 0.6953125 0.759375 0.165625 0.025
5 0.52734375 0.221875 0.01953125 0.01640625
5 0.5328125 0.38515625 0.02265625 0.021875
5 0.51640625 0.55078125 0.028125 0.02109375
5 0.55078125 0.71875 0.034375 0.02265625
5 0.2859375 0.76796875 0.0328125 0.01953125
5 0.271875 0.875 0.04765625 0.01953125
5 0.7609375 0.76171875 0.025 0.01875
5 0.86015625 0.87421875 0.0328125 0.01875
5 0.74765625 0.9109375 0.03203125 0.02734375