3 0.18125 0.16640625 0.03203125 0.14609375
3 0.5265625 0.16796875 0.03515625 0.14765625
3 0.86328125 0.1640625 0.03984375 0.146875
3 0.178125 0.32890625 0.03125 0.09609375
3 0.525 0.31484375 0.02734375 0.07734375
3 0.8484375 0.37421875 0.03515625 0.20625
3 0.17890625 0.56796875 0.03515625 0.1578125
3 0.51015625 0.57421875 0.03828125 0.1640625
3 0.84296875 0.5578125 0.03671875 0.1171875
3 0.17734375 0.796875 0.05703125 0.16796875
3 0.509375 0.78828125 0.05 0.1796875
3 0.8265625 0.77890625 0.053125 0.16875
5 0.17890625 0.1046875 0.0390625 0.02421875
5 0.521875 0.10625 0.03046875 0.025
5 0.86484375 0.10625 0.0421875 0.03125
5 0.17578125 0.28671875 0.0328125 0.0171875
5 0.5234375 0.2859375 0.02734375 0.01953125
5 0.84609375 0.28125 0.03671875 0.02265625
5 0.18203125 0.49765625 0.03515625 0.02265625
5 0.50625 0.5046875 0.0421875 0.021875
5 0.840625 0.5125 0.0421875 0.02265625
5 0.17734375 0.72578125 0.06484375 0.03125
5 0.509375 0.715625 0.0546875 0.03359375
5 0.825 0.71015625 0.05625 0.03359375