1 0.23984375 0.2109375 0.221875 0.05
1 0.5265625 0.209375 0.21875 0.04921875
1 0.81796875 0.20859375 0.20625 0.04921875
1 0.25234375 0.378125 0.22421875 0.06015625
1 0.53125 0.3734375 0.228125 0.05703125
1 0.809375 0.37109375 0.22421875 0.05078125
1 0.25625 0.56796875 0.2578125 0.0640625
1 0.56015625 0.5640625 0.26328125 0.05390625
1 0.8421875 0.565625 0.20390625 0.059375
1 0.26953125 0.7546875 0.27890625 0.071875
1 0.56796875 0.753125 0.25078125 0.05703125
1 0.85625 0.75 0.2453125 0.059375
5 0.1609375 0.209375 0.04609375 0.04765625
5 0.4515625 0.21015625 0.04140625 0.05078125
5 0.7375 0.2046875 0.040625 0.05234375
5 0.17109375 0.375 0.0546875 0.05703125
5 0.46171875 0.3765625 0.05703125 0.04609375
5 0.7296875 0.37109375 0.0546875 0.04453125
5 0.1765625 0.56640625 0.05390625 0.06328125
5 0.4671875 0.5625 0.04765625 0.06328125
5 0.771875 0.565625 0.053125 0.06015625
5 0.15546875 0.74921875 0.05 0.065625
5 0.478125 0.74921875 0.0640625 0.078125
5 0.7671875 0.75 0.04609375 0.05703125