9 0.43671875 0.13984375 0.16171875 0.08828125
0 0.4390625 0.20625 0.03046875 0.06875
7 0.4359375 0.26796875 0.13984375 0.07109375
0 0.43828125 0.3328125 0.02421875 0.07734375
4 0.43828125 0.43984375 0.17734375 0.1453125
0 0.44296875 0.55859375 0.034375 0.10703125
6 0.44140625 0.6484375 0.121875 0.0953125
0 0.4421875 0.7203125 0.02578125 0.109375
7 0.42265625 0.80078125 0.16484375 0.07421875
1 0.2921875 0.790625 0.1125 0.03828125
3 0.24296875 0.61484375 0.03828125 0.3875
2 0.28671875 0.4328125 0.125 0.0328125
2 0.57421875 0.43125 0.10859375 0.0375
9 0.68125 0.4359375 0.1078125 0.08671875
5 0.43671875 0.23515625 0.03046875 0.015625
5 0.4390625 0.3609375 0.01953125 0.02734375
5 0.43828125 0.6015625 0.02890625 0.0203125
5 0.44140625 0.7640625 0.021875 0.01796875
5 0.24921875 0.79375 0.02578125 0.02890625
5 0.24140625 0.4375 0.02890625 0.03203125
5 0.34375 0.4328125 0.01953125 0.02734375
5 0.61796875 0.43125 0.02734375 0.03046875