9 0.484375 0.22265625 0.21953125 0.09296875
0 0.47734375 0.29921875 0.03828125 0.075
7 0.48203125 0.36875 0.1828125 0.07421875
0 0.4796875 0.43984375 0.034375 0.0875
8 0.4640625 0.51328125 0.18828125 0.0875
0 0.48203125 0.58125 0.03671875 0.0765625
6 0.47265625 0.671875 0.21796875 0.11484375
0 0.4828125 0.7328125 0.025 0.06015625
9 0.4640625 0.7984375 0.19609375 0.08515625
5 0.47578125 0.32734375 0.04140625 0.025
5 0.48046875 0.46953125 0.02890625 0.02578125
5 0.484375 0.61015625 0.03828125 0.02578125
5 0.4828125 0.7546875 0.02734375 0.02734375