9 0.45234375 0.15 0.24375 0.0828125
0 0.44921875 0.21640625 0.03984375 0.0765625
7 0.4734375 0.278125 0.3796875 0.07578125
0 0.4484375 0.33828125 0.04453125 0.08125
8 0.4453125 0.40703125 0.2171875 0.0765625
0 0.4515625 0.46875 0.04453125 0.06953125
7 0.4515625 0.5234375 0.27421875 0.0734375
0 0.453125 0.58203125 0.04453125 0.0796875
6 0.44921875 0.665625 0.225 0.1234375
0 0.44765625 0.740625 0.04296875 0.09296875
9 0.4203125 0.81171875 0.1671875 0.0703125
5 0.4453125 0.23984375 0.04140625 0.02109375
5 0.44765625 0.36484375 0.04296875 0.02265625
5 0.44921875 0.484375 0.04296875 0.02578125
5 0.45 0.6109375 0.04765625 0.02265625
5 0.4484375 0.7734375 0.04140625 0.0203125