9 0.4296875 0.13984375 0.1609375 0.07109375
0 0.4265625 0.20078125 0.0265625 0.059375
7 0.42734375 0.25390625 0.10078125 0.065625
0 0.42578125 0.30859375 0.025 0.07109375
8 0.4265625 0.37265625 0.1484375 0.06640625
0 0.425 0.4265625 0.021875 0.06328125
7 0.42265625 0.48046875 0.17421875 0.06640625
0 0.42421875 0.5390625 0.01953125 0.06953125
4 0.42109375 0.64453125 0.1625 0.159375
1 0.27890625 0.634375 0.1328125 0.02890625
0 0.21875 0.69609375 0.02890625 0.11875
6 0.221875 0.8125 0.178125 0.1140625
2 0.4703125 0.78359375 0.33671875 0.034375
9 0.69609375 0.7890625 0.11796875 0.06015625
0 0.69140625 0.72421875 0.02890625 0.07578125
6 0.68984375 0.65234375 0.1515625 0.1015625
2 0.5625 0.63203125 0.128125 0.03203125
5 0.4265625 0.22265625 0.02578125 0.025
5 0.42890625 0.33515625 0.03125 0.015625
5 0.42578125 0.4484375 0.025 0.0234375
5 0.4234375 0.5625 0.02421875 0.02109375
5 0.22109375 0.63515625 0.02578125 0.01953125
5 0.215625 0.7515625 0.0265625 0.01953125
5 0.63203125 0.7875 0.02265625 0.02265625
5 0.61171875 0.63125 0.02265625 0.03828125
5 0.68984375 0.7515625 0.0296875 0.01796875