9 0.4359375 0.096875 0.22578125 0.05625
0 0.44609375 0.15625 0.0375 0.07734375
7 0.44296875 0.23125 0.29453125 0.0890625
0 0.4453125 0.3125 0.02890625 0.08203125
8 0.446875 0.3890625 0.29765625 0.0890625
0 0.446875 0.4671875 0.02578125 0.08046875
7 0.4453125 0.54296875 0.3015625 0.0890625
0 0.44296875 0.6203125 0.02890625 0.07578125
6 0.446875 0.7203125 0.21171875 0.13671875
0 0.4421875 0.8171875 0.02734375 0.08046875
9 0.4546875 0.88046875 0.234375 0.0546875
5 0.446875 0.18359375 0.0359375 0.02265625
5 0.4484375 0.3421875 0.0328125 0.02265625
5 0.4484375 0.496875 0.03984375 0.0203125
5 0.44296875 0.65390625 0.04296875 0.0171875
5 0.440625 0.84921875 0.034375 0.0140625