9 0.259375 0.07265625 0.271875 0.040625
0 0.25390625 0.11484375 0.04453125 0.05703125
7 0.2515625 0.165625 0.3609375 0.0625
0 0.2484375 0.221875 0.034375 0.0578125
6 0.25625 0.2859375 0.24921875 0.0875
0 0.2578125 0.35625 0.0328125 0.0625
8 0.259375 0.4140625 0.36484375 0.06796875
0 0.2609375 0.46953125 0.034375 0.053125
6 0.2640625 0.53671875 0.25546875 0.090625
0 0.26484375 0.609375 0.046875 0.06484375
8 0.2625 0.6734375 0.37109375 0.07890625
0 0.259375 0.734375 0.040625 0.0625
7 0.26640625 0.7984375 0.39140625 0.07578125
2 0.53828125 0.79296875 0.18828125 0.0234375
6 0.78125 0.80703125 0.32890625 0.1046875
0 0.759375 0.88828125 0.03828125 0.07109375
9 0.7609375 0.93828125 0.3203125 0.04453125
5 0.24765625 0.13046875 0.0484375 0.02734375
5 0.25625 0.2421875 0.04296875 0.01640625
5 0.2609375 0.378125 0.0546875 0.0203125
5 0.2625 0.4921875 0.04296875 0.0125
5 0.26171875 0.63515625 0.053125 0.0140625
5 0.2578125 0.7578125 0.0484375 0.0203125
5 0.61875 0.79296875 0.03671875 0.0296875
5 0.76484375 0.9125 0.03671875 0.01796875