9 0.41328125 0.1109375 0.2546875 0.0421875
0 0.42421875 0.16171875 0.03984375 0.06875
7 0.4265625 0.22421875 0.20625 0.0734375
0 0.4234375 0.2875 0.0375 0.06875
8 0.42109375 0.3546875 0.29453125 0.0765625
0 0.42265625 0.41875 0.0359375 0.06640625
7 0.4203125 0.4859375 0.29609375 0.07578125
0 0.42109375 0.553125 0.0359375 0.071875
4 0.42421875 0.63671875 0.19765625 0.10703125
1 0.2546875 0.63359375 0.16171875 0.0265625
0 0.175 0.7125 0.04296875 0.1546875
6 0.16796875 0.83984375 0.21875 0.11640625
2 0.5171875 0.80703125 0.49375 0.02265625
9 0.86953125 0.8078125 0.21328125 0.05078125
0 0.85625 0.753125 0.0328125 0.07109375
6 0.8546875 0.665625 0.21171875 0.1140625
2 0.6359375 0.6328125 0.24609375 0.025
5 0.42421875 0.18125 0.053125 0.021875
5 0.42421875 0.31171875 0.05 0.0328125
5 0.4203125 0.446875 0.05859375 0.02265625
5 0.41875 0.58125 0.03984375 0.015625
5 0.1796875 0.63515625 0.03984375 0.025
5 0.16875 0.7796875 0.03125 0.021875
5 0.73984375 0.63671875 0.02734375 0.03359375
5 0.75390625 0.8125 0.034375 0.02421875
5 0.8484375 0.78359375 0.0546875 0.0140625