1 0.27109375 0.22421875 0.20859375 0.0359375
1 0.51875 0.21875 0.22265625 0.040625
1 0.78515625 0.20703125 0.23125 0.03046875
1 0.290625 0.3546875 0.19453125 0.03046875
1 0.5359375 0.35 0.23359375 0.03515625
1 0.78984375 0.3453125 0.2265625 0.02890625
1 0.30390625 0.49765625 0.1796875 0.02890625
1 0.54375 0.49453125 0.2296875 0.03515625
1 0.8 0.4921875 0.22578125 0.028125
1 0.325 0.64375 0.22265625 0.03515625
1 0.57265625 0.640625 0.240625 0.028125
1 0.8171875 0.63984375 0.22578125 0.034375
5 0.18984375 0.22265625 0.03046875 0.02265625
5 0.44140625 0.21875 0.034375 0.02890625
5 0.69140625 0.21171875 0.0359375 0.02578125
5 0.2171875 0.35 0.03984375 0.01953125
5 0.44453125 0.3484375 0.028125 0.03125
5 0.69921875 0.34453125 0.04140625 0.02109375
5 0.2328125 0.49765625 0.0359375 0.02421875
5 0.4546875 0.4953125 0.0375 0.02734375
5 0.7109375 0.48984375 0.0296875 0.03046875
5 0.23515625 0.63828125 0.03203125 0.0390625
5 0.46484375 0.63828125 0.0265625 0.03203125
5 0.7265625 0.6359375 0.034375 0.02734375