9 0.39921875 0.13203125 0.34140625 0.1015625
0 0.40390625 0.2203125 0.04453125 0.10390625
7 0.40390625 0.30078125 0.35 0.08984375
0 0.4046875 0.378125 0.04296875 0.0828125
4 0.3953125 0.48671875 0.2296875 0.15
0 0.3984375 0.6109375 0.04609375 0.09921875
6 0.41640625 0.696875 0.21953125 0.09453125
0 0.39375 0.78515625 0.04453125 0.084375
7 0.3953125 0.87421875 0.2609375 0.1109375
1 0.20390625 0.86796875 0.15625 0.0421875
3 0.14609375 0.67578125 0.0640625 0.40546875
2 0.21484375 0.48828125 0.1390625 0.0359375
2 0.621875 0.4875 0.246875 0.040625
9 0.85859375 0.490625 0.221875 0.09140625
5 0.39921875 0.25859375 0.046875 0.0296875
5 0.4015625 0.4078125 0.05078125 0.01953125
5 0.40078125 0.65078125 0.05546875 0.02890625
5 0.39453125 0.8171875 0.04296875 0.02734375
5 0.1515625 0.875 0.0453125 0.0359375
5 0.14453125 0.49140625 0.046875 0.03359375
5 0.26484375 0.49375 0.03671875 0.03203125
5 0.72734375 0.4890625 0.03984375 0.03828125