9 0.4140625 0.1046875 0.36640625 0.10546875
0 0.4265625 0.19140625 0.0484375 0.07421875
7 0.43046875 0.2640625 0.41328125 0.10234375
0 0.43671875 0.353125 0.04921875 0.08515625
8 0.4 0.440625 0.36015625 0.11875
0 0.44140625 0.53203125 0.04453125 0.09765625
6 0.40546875 0.65546875 0.38359375 0.17265625
0 0.3765625 0.7609375 0.03828125 0.0921875
9 0.378125 0.86875 0.3671875 0.14296875
5 0.42890625 0.21875 0.04921875 0.01953125
5 0.4390625 0.38828125 0.04921875 0.0234375
5 0.44375 0.56875 0.04921875 0.021875
5 0.371875 0.79296875 0.04140625 0.028125