9 0.4734375 0.125 0.35625 0.1125
0 0.46953125 0.2109375 0.0515625 0.07109375
7 0.53125 0.2828125 0.5203125 0.10078125
0 0.4703125 0.3453125 0.05390625 0.04765625
8 0.4765625 0.4078125 0.26328125 0.09921875
0 0.46328125 0.471875 0.04375 0.046875
7 0.4734375 0.54140625 0.40703125 0.1140625
0 0.47890625 0.60859375 0.040625 0.046875
6 0.4734375 0.6859375 0.2859375 0.12109375
0 0.4734375 0.77265625 0.05078125 0.09296875
9 0.465625 0.8609375 0.27421875 0.1078125
5 0.4703125 0.23515625 0.05546875 0.03203125
5 0.47265625 0.35703125 0.05625 0.01953125
5 0.46640625 0.48515625 0.046875 0.02265625
5 0.4796875 0.62734375 0.0515625 0.01875
5 0.48125 0.79765625 0.06015625 0.0375