9 0.334375 0.0484375 0.26171875 0.06328125
0 0.33359375 0.0953125 0.03515625 0.0359375
7 0.35390625 0.134375 0.39921875 0.06015625
0 0.3265625 0.18046875 0.03125 0.05
6 0.36796875 0.24296875 0.28515625 0.08828125
0 0.31953125 0.30390625 0.028125 0.04375
8 0.34296875 0.3546875 0.24609375 0.06484375
0 0.3171875 0.40390625 0.04140625 0.0421875
6 0.33671875 0.45625 0.25390625 0.07578125
0 0.30859375 0.51953125 0.03671875 0.0546875
8 0.328125 0.5765625 0.25703125 0.07421875
0 0.2984375 0.63515625 0.03515625 0.05859375
7 0.3203125 0.6953125 0.37578125 0.07890625
2 0.57109375 0.69375 0.146875 0.02578125
6 0.76953125 0.709375 0.2734375 0.11015625
0 0.74296875 0.78828125 0.04296875 0.078125
9 0.753125 0.87265625 0.27109375 0.09609375
5 0.33515625 0.1078125 0.0296875 0.015625
5 0.32578125 0.2015625 0.03125 0.015625
5 0.315625 0.32109375 0.02578125 0.01953125
5 0.31484375 0.4109375 0.03125 0.0125
5 0.309375 0.53828125 0.03359375 0.01875
5 0.29765625 0.6578125 0.0359375 0.0140625
5 0.6265625 0.6953125 0.0265625 0.0296875
5 0.74609375 0.81875 0.0484375 0.01875