9 0.28359375 0.125 0.2203125 0.075
0 0.284375 0.18046875 0.03984375 0.05390625
8 0.290625 0.228125 0.1515625 0.059375
0 0.29140625 0.2734375 0.0359375 0.05234375
8 0.28515625 0.32109375 0.1796875 0.06015625
0 0.2890625 0.36953125 0.04765625 0.0546875
4 0.2953125 0.44921875 0.19375 0.11640625
0 0.2953125 0.54375 0.05 0.084375
4 0.29453125 0.6421875 0.23515625 0.12890625
0 0.3078125 0.73359375 0.04921875 0.06953125
6 0.3140625 0.809375 0.184375 0.09453125
2 0.66640625 0.76328125 0.5421875 0.04375
3 0.921875 0.6875 0.0625 0.13828125
9 0.909375 0.59375 0.15703125 0.0671875
2 0.7796875 0.60390625 0.12109375 0.0375
6 0.63671875 0.62109375 0.1875 0.09609375
2 0.478125 0.61328125 0.15 0.0359375
0 0.9125 0.48984375 0.04375 0.16171875
2 0.80703125 0.41171875 0.21875 0.0390625
6 0.60546875 0.44375 0.21171875 0.12421875
2 0.4421875 0.434375 0.14375 0.040625
5 0.28359375 0.2015625 0.04765625 0.01796875
5 0.2875 0.28984375 0.040625 0.01796875
5 0.2890625 0.3890625 0.04375 0.02265625
5 0.290625 0.5734375 0.03828125 0.01875
5 0.30625 0.7578125 0.053125 0.01328125
5 0.49296875 0.4375 0.040625 0.03125
5 0.53125 0.6140625 0.04296875 0.02890625
5 0.89765625 0.40703125 0.03671875 0.02421875
5 0.8140625 0.603125 0.04453125 0.02734375
5 0.91015625 0.7609375 0.04453125 0.034375
5 0.915625 0.6375 0.0453125 0.034375
5 0.91171875 0.5609375 0.053125 0.02890625