9 0.271875 0.1140625 0.2703125 0.05859375
0 0.26484375 0.16796875 0.053125 0.0625
7 0.27421875 0.2203125 0.190625 0.0609375
0 0.26171875 0.26796875 0.03828125 0.04921875
8 0.253125 0.31015625 0.16484375 0.04765625
0 0.25703125 0.35234375 0.0421875 0.05390625
4 0.25703125 0.43125 0.2265625 0.11484375
0 0.2625 0.52421875 0.053125 0.08515625
4 0.25390625 0.6296875 0.26953125 0.1375
0 0.27421875 0.7234375 0.04609375 0.0625
6 0.2859375 0.79765625 0.21484375 0.103125
2 0.6203125 0.7640625 0.48515625 0.03828125
3 0.86328125 0.68828125 0.06640625 0.14765625
9 0.89609375 0.59453125 0.17265625 0.05390625
2 0.75546875 0.59375 0.13046875 0.03125
6 0.5984375 0.6203125 0.2078125 0.103125
2 0.44140625 0.6140625 0.13671875 0.0359375
0 0.81875 0.490625 0.05390625 0.1828125
2 0.74296875 0.40546875 0.1328125 0.0265625
6 0.59453125 0.42734375 0.18828125 0.0859375
2 0.4359375 0.41953125 0.1546875 0.040625
5 0.26015625 0.18828125 0.06015625 0.03359375
5 0.259375 0.2859375 0.03515625 0.01953125
5 0.25546875 0.3703125 0.04375 0.01484375
5 0.26328125 0.5578125 0.0546875 0.0171875
5 0.27265625 0.7484375 0.0421875 0.01484375
5 0.490625 0.42421875 0.0421875 0.0375
5 0.490625 0.61640625 0.03828125 0.02890625
5 0.78515625 0.40234375 0.03515625 0.02734375
5 0.82109375 0.5640625 0.0453125 0.02265625
5 0.7921875 0.59609375 0.0421875 0.03203125
5 0.834375 0.76796875 0.0578125 0.0359375
5 0.85234375 0.62734375 0.06015625 0.03125