9 0.3078125 0.15546875 0.1609375 0.053125
0 0.3109375 0.20078125 0.03515625 0.0546875
7 0.31875 0.24296875 0.1234375 0.0421875
0 0.3171875 0.2875 0.0390625 0.0609375
8 0.3109375 0.33203125 0.14140625 0.04296875
0 0.3125 0.37734375 0.04453125 0.0671875
4 0.3203125 0.45859375 0.1984375 0.12265625
0 0.325 0.54765625 0.040625 0.06640625
4 0.3328125 0.63984375 0.3140625 0.13828125
0 0.328125 0.7359375 0.0515625 0.07421875
6 0.3328125 0.81015625 0.18984375 0.09375
2 0.63515625 0.7859375 0.45 0.04140625
3 0.8625 0.7125 0.04453125 0.15234375
9 0.86796875 0.6140625 0.14609375 0.06328125
2 0.76171875 0.6125 0.084375 0.0328125
6 0.6421875 0.634375 0.18515625 0.0953125
2 0.51875 0.63046875 0.09609375 0.034375
0 0.871875 0.5109375 0.05234375 0.16484375
2 0.79375 0.42578125 0.1625 0.02578125
6 0.62890625 0.45234375 0.18984375 0.08828125
2 0.475 0.45234375 0.1359375 0.0328125
5 0.31328125 0.21953125 0.04375 0.01953125
5 0.315625 0.309375 0.04375 0.0171875
5 0.30390625 0.3953125 0.040625 0.02265625
5 0.32734375 0.56796875 0.0421875 0.02734375
5 0.32734375 0.76328125 0.03671875 0.01953125
5 0.8328125 0.78828125 0.05 0.04375
5 0.86015625 0.65 0.040625 0.02109375
5 0.553125 0.62890625 0.02734375 0.02421875
5 0.5265625 0.4546875 0.02890625 0.0203125
5 0.846875 0.42578125 0.04765625 0.02421875
5 0.87421875 0.57734375 0.0515625 0.03203125
5 0.7875 0.615625 0.03359375 0.02265625