9 0.32265625 0.1734375 0.20390625 0.06015625
0 0.3171875 0.215625 0.03515625 0.0359375
7 0.32578125 0.25 0.1453125 0.046875
0 0.32578125 0.2875 0.0359375 0.0390625
8 0.321875 0.3234375 0.1703125 0.04453125
0 0.325 0.36328125 0.046875 0.053125
4 0.325 0.43515625 0.19375 0.1046875
0 0.340625 0.5109375 0.04296875 0.0640625
4 0.34921875 0.59375 0.25703125 0.1203125
0 0.35078125 0.68046875 0.0390625 0.07578125
6 0.375 0.75234375 0.1765625 0.09140625
2 0.64921875 0.7296875 0.40390625 0.03359375
3 0.8375 0.653125 0.04453125 0.14296875
9 0.86171875 0.5640625 0.115625 0.0578125
2 0.7796875 0.5640625 0.06953125 0.028125
6 0.67265625 0.5796875 0.165625 0.09296875
2 0.53515625 0.57109375 0.14609375 0.0359375
0 0.8515625 0.4671875 0.0453125 0.15234375
2 0.7703125 0.396875 0.15078125 0.0265625
6 0.62265625 0.41640625 0.165625 0.10078125
2 0.484375 0.41796875 0.14375 0.028125
5 0.3171875 0.22578125 0.034375 0.01640625
5 0.3265625 0.2984375 0.040625 0.01875
5 0.3265625 0.3796875 0.046875 0.01640625
5 0.3359375 0.53671875 0.03984375 0.0125
5 0.3515625 0.7078125 0.03828125 0.01953125
5 0.8234375 0.7328125 0.05 0.0390625
5 0.8328125 0.5953125 0.028125 0.02109375
5 0.5359375 0.42109375 0.03671875 0.0328125
5 0.83359375 0.3953125 0.0328125 0.03125
5 0.8546875 0.53046875 0.04375 0.02578125
5 0.5859375 0.5671875 0.03984375 0.03203125
5 0.79453125 0.56875 0.0296875 0.03046875