1 0.2015625 0.18515625 0.1703125 0.02265625
1 0.5 0.1890625 0.14375 0.02578125
1 0.75703125 0.1921875 0.153125 0.03046875
1 0.159375 0.2921875 0.10234375 0.0296875
1 0.4640625 0.29140625 0.10625 0.025
1 0.715625 0.3 0.0890625 0.0328125
1 0.2203125 0.43984375 0.2734375 0.02890625
1 0.53046875 0.44140625 0.23828125 0.03046875
1 0.82421875 0.44296875 0.221875 0.03046875
1 0.17109375 0.584375 0.18828125 0.03984375
1 0.49921875 0.58515625 0.2171875 0.03828125
1 0.79296875 0.58828125 0.20625 0.0421875
5 0.12578125 0.18359375 0.028125 0.02890625
5 0.43671875 0.18515625 0.03671875 0.028125
5 0.69375 0.1921875 0.0453125 0.0296875
5 0.11796875 0.29140625 0.0359375 0.03828125
5 0.42578125 0.29140625 0.03125 0.0265625
5 0.68359375 0.2984375 0.03359375 0.03515625
5 0.0984375 0.434375 0.03125 0.0421875
5 0.42421875 0.44140625 0.03046875 0.02890625
5 0.73203125 0.4421875 0.03125 0.034375
5 0.09765625 0.584375 0.04609375 0.03828125
5 0.40859375 0.58359375 0.04375 0.03828125
5 0.7109375 0.58671875 0.04453125 0.04375