3 0.14609375 0.16484375 0.03125 0.15546875
3 0.48359375 0.16796875 0.0390625 0.1578125
3 0.8078125 0.1640625 0.03671875 0.14609375
3 0.15234375 0.34375 0.03828125 0.15078125
3 0.4859375 0.34453125 0.03125 0.1453125
3 0.8 0.34296875 0.03671875 0.14453125
3 0.15625 0.52734375 0.03046875 0.14140625
3 0.48984375 0.52578125 0.0359375 0.14609375
3 0.796875 0.51875 0.0421875 0.14296875
3 0.15 0.675 0.03671875 0.08984375
3 0.41953125 0.7234375 0.03671875 0.20703125
3 0.78046875 0.72890625 0.0421875 0.22109375
5 0.14609375 0.103125 0.028125 0.02890625
5 0.48125 0.1046875 0.0375 0.034375
5 0.80546875 0.10625 0.03203125 0.02265625
5 0.14765625 0.28515625 0.02890625 0.03515625
5 0.4859375 0.2859375 0.034375 0.03125
5 0.79921875 0.2828125 0.03515625 0.02890625
5 0.15546875 0.46796875 0.03828125 0.021875
5 0.48359375 0.46484375 0.0328125 0.02734375
5 0.796875 0.4625 0.03828125 0.03125
5 0.153125 0.64453125 0.03671875 0.02578125
5 0.415625 0.63359375 0.03515625 0.02578125
5 0.778125 0.63203125 0.046875 0.03125