3 0.1921875 0.1890625 0.04453125 0.13046875
3 0.48828125 0.19765625 0.0515625 0.121875
3 0.75703125 0.1953125 0.04921875 0.13203125
3 0.20078125 0.4203125 0.05 0.140625
3 0.48828125 0.4203125 0.05546875 0.13515625
3 0.75546875 0.41640625 0.0328125 0.13515625
3 0.1953125 0.65234375 0.059375 0.14375
3 0.47265625 0.646875 0.06328125 0.14765625
3 0.7609375 0.6453125 0.04609375 0.13359375
3 0.20078125 0.85859375 0.06875 0.1234375
3 0.47578125 0.8515625 0.05 0.140625
3 0.76640625 0.8484375 0.07265625 0.13203125
5 0.1921875 0.1421875 0.03984375 0.03359375
5 0.4859375 0.1453125 0.0515625 0.034375
5 0.7546875 0.14375 0.05 0.0375
5 0.2 0.3671875 0.053125 0.0390625
5 0.48203125 0.36640625 0.03984375 0.034375
5 0.75 0.3671875 0.0375 0.028125
5 0.19609375 0.59296875 0.0484375 0.03359375
5 0.4796875 0.58671875 0.0390625 0.04609375
5 0.74609375 0.5890625 0.04453125 0.03203125
5 0.19453125 0.80390625 0.04453125 0.03203125
5 0.48125 0.79453125 0.0390625 0.03359375
5 0.75859375 0.78984375 0.0484375 0.03984375