3 0.2734375 0.2125 0.07421875 0.14921875
3 0.528125 0.21328125 0.04609375 0.1484375
3 0.76171875 0.225 0.053125 0.1609375
3 0.2734375 0.4 0.0515625 0.1625
3 0.52734375 0.3953125 0.04765625 0.159375
3 0.7703125 0.40703125 0.05546875 0.159375
3 0.28046875 0.57734375 0.03984375 0.1640625
3 0.5265625 0.571875 0.05703125 0.14921875
3 0.78515625 0.58984375 0.07109375 0.1609375
3 0.2625 0.76640625 0.03828125 0.13671875
3 0.53125 0.7859375 0.09765625 0.178125
3 0.7875 0.7765625 0.06328125 0.1765625
5 0.278125 0.14765625 0.04296875 0.0234375
5 0.5265625 0.1546875 0.04453125 0.0375
5 0.75859375 0.15234375 0.04609375 0.02265625
5 0.28203125 0.33125 0.04140625 0.02890625
5 0.521875 0.3296875 0.04609375 0.02578125
5 0.76875 0.33046875 0.0390625 0.025
5 0.27421875 0.51015625 0.0390625 0.021875
5 0.52421875 0.515625 0.0359375 0.028125
5 0.77109375 0.5140625 0.034375 0.02578125
5 0.27109375 0.71171875 0.0484375 0.034375
5 0.53359375 0.7046875 0.04765625 0.03671875
5 0.77890625 0.70390625 0.06484375 0.040625