9 0.35390625 0.0640625 0.296875 0.06875
0 0.33984375 0.1109375 0.05234375 0.04140625
7 0.3546875 0.1515625 0.3 0.05625
0 0.33984375 0.1953125 0.04296875 0.0453125
8 0.34375 0.23828125 0.2140625 0.0515625
0 0.33828125 0.2796875 0.04375 0.04921875
7 0.40703125 0.32265625 0.3578125 0.06640625
0 0.359375 0.37265625 0.046875 0.053125
8 0.3578125 0.4171875 0.2109375 0.0515625
0 0.365625 0.453125 0.05 0.04296875
7 0.3875 0.49609375 0.2515625 0.06328125
0 0.38125 0.5390625 0.0484375 0.04765625
4 0.4015625 0.60078125 0.234375 0.09140625
0 0.41015625 0.66875 0.05625 0.06171875
6 0.425 0.740625 0.22890625 0.09921875
0 0.409375 0.8046875 0.04375 0.05
7 0.42890625 0.84765625 0.21875 0.0546875
2 0.578125 0.8390625 0.13515625 0.03125
3 0.63359375 0.77109375 0.053125 0.11875
3 0.621875 0.65 0.05 0.13203125
1 0.5625 0.58359375 0.12109375 0.03046875
1 0.203125 0.59765625 0.19375 0.0296875
0 0.1140625 0.64609375 0.04609375 0.08046875
9 0.13046875 0.70546875 0.20625 0.06640625
5 0.3375 0.12421875 0.0546875 0.01796875
5 0.34609375 0.2109375 0.05 0.01796875
5 0.34296875 0.29609375 0.046875 0.01640625
5 0.3546875 0.38828125 0.06328125 0.01484375
5 0.36796875 0.465625 0.05546875 0.02109375
5 0.38828125 0.55234375 0.05234375 0.02421875
5 0.4125 0.69296875 0.05234375 0.015625
5 0.41328125 0.81953125 0.0390625 0.025
5 0.6328125 0.84140625 0.06015625 0.02734375
5 0.62578125 0.728125 0.05 0.01875
5 0.61875 0.596875 0.0546875 0.0234375
5 0.51796875 0.5859375 0.03515625 0.0234375
5 0.12109375 0.6 0.03515625 0.02890625
5 0.1109375 0.6765625 0.05234375 0.01796875