9 0.459375 0.08359375 0.20390625 0.05234375
0 0.45546875 0.1234375 0.0390625 0.04453125
7 0.4640625 0.1671875 0.23359375 0.05703125
0 0.45546875 0.2078125 0.0375 0.040625
8 0.4546875 0.24609375 0.1765625 0.0484375
0 0.4421875 0.28359375 0.03671875 0.05234375
7 0.48515625 0.3328125 0.2875 0.07265625
0 0.45234375 0.38671875 0.03828125 0.053125
8 0.44765625 0.43046875 0.196875 0.04921875
0 0.4484375 0.465625 0.0375 0.04375
7 0.46875 0.50625 0.2 0.06328125
0 0.4484375 0.5546875 0.0421875 0.05859375
4 0.4515625 0.62421875 0.1984375 0.0953125
0 0.4546875 0.7 0.0515625 0.07109375
6 0.446875 0.778125 0.21953125 0.1
0 0.4359375 0.84296875 0.046875 0.0515625
7 0.4296875 0.88984375 0.2078125 0.0640625
2 0.5625 0.890625 0.1 0.03046875
3 0.6140625 0.8109375 0.04921875 0.15859375
3 0.61953125 0.6734375 0.03671875 0.1234375
1 0.58046875 0.6171875 0.08984375 0.03046875
1 0.29765625 0.62265625 0.1265625 0.02890625
0 0.2421875 0.67109375 0.05078125 0.10625
9 0.2109375 0.74375 0.19375 0.0671875
5 0.45078125 0.1375 0.04140625 0.0171875
5 0.4609375 0.22109375 0.04296875 0.0171875
5 0.446875 0.3015625 0.04609375 0.0234375
5 0.45234375 0.403125 0.04765625 0.0203125
5 0.45 0.48359375 0.0390625 0.025
5 0.45078125 0.575 0.03515625 0.0171875
5 0.45 0.7234375 0.04609375 0.021875
5 0.4359375 0.8609375 0.05703125 0.02578125
5 0.59296875 0.88828125 0.03359375 0.02890625
5 0.61796875 0.74375 0.05078125 0.02578125
5 0.62265625 0.6234375 0.03203125 0.0296875
5 0.54765625 0.615625 0.04453125 0.0328125
5 0.24296875 0.62421875 0.03515625 0.02578125
5 0.23984375 0.7109375 0.04140625 0.0265625