1 0.13203125 0.0859375 0.12734375 0.02421875
4 0.24140625 0.090625 0.10234375 0.084375
2 0.34609375 0.084375 0.12109375 0.02890625
4 0.246875 0.203125 0.10234375 0.0921875
1 0.1359375 0.19765625 0.13046875 0.0265625
0 0.259375 0.2765625 0.04375 0.06640625
4 0.23203125 0.4359375 0.146875 0.12734375
0 0.25078125 0.5375 0.0390625 0.08671875
2 0.36328125 0.43046875 0.12734375 0.0265625
4 0.2359375 0.6984375 0.13828125 0.11171875
0 0.24375 0.77265625 0.0296875 0.04375
2 0.33984375 0.69609375 0.07734375 0.01875
1 0.525 0.084375 0.11015625 0.025
4 0.63125 0.090625 0.109375 0.090625
2 0.75625 0.08046875 0.15078125 0.02578125
4 0.42109375 0.20859375 0.12578125 0.10390625
0 0.43046875 0.2859375 0.0421875 0.06015625
2 0.53515625 0.19921875 0.1140625 0.02734375
1 0.6671875 0.20078125 0.10234375 0.0234375
4 0.765625 0.1953125 0.1046875 0.0953125
0 0.7703125 0.2765625 0.040625 0.07578125
1 0.590625 0.425 0.146875 0.021875
4 0.72578125 0.425 0.134375 0.1296875
0 0.72734375 0.52890625 0.04140625 0.08984375
4 0.62265625 0.7015625 0.13828125 0.10859375
0 0.6328125 0.77734375 0.02578125 0.05
8 0.628125 0.81953125 0.13359375 0.04296875
0 0.63125 0.85546875 0.02890625 0.04296875
7 0.6359375 0.8953125 0.14609375 0.04765625
3 0.50078125 0.80625 0.0328125 0.1890625
2 0.5203125 0.71171875 0.0703125 0.0296875
2 0.72890625 0.7 0.0828125 0.01953125
5 0.08046875 0.0859375 0.028125 0.0296875
5 0.39375 0.0890625 0.03515625 0.03046875
5 0.0828125 0.1984375 0.034375 0.03359375
5 0.259375 0.30078125 0.04453125 0.01796875
5 0.4296875 0.30234375 0.034375 0.02421875
5 0.5796875 0.2 0.0296875 0.01796875
5 0.4828125 0.08125 0.03671875 0.025
5 0.8171875 0.0828125 0.0375 0.0328125
5 0.6234375 0.20078125 0.0296875 0.02421875
5 0.7703125 0.30234375 0.03125 0.025
5 0.25234375 0.5734375 0.05234375 0.021875
5 0.4140625 0.43046875 0.03125 0.034375
5 0.53125 0.425 0.034375 0.03125
5 0.728125 0.56015625 0.05703125 0.025
5 0.24375 0.7859375 0.03828125 0.015625
5 0.36328125 0.6984375 0.0296875 0.02109375
5 0.63125 0.7953125 0.02265625 0.0125
5 0.63125 0.8671875 0.03984375 0.01796875
5 0.5109375 0.89921875 0.0328125 0.03671875
5 0.496875 0.72265625 0.034375 0.02734375
5 0.53984375 0.7109375 0.0296875 0.0296875
5 0.7609375 0.70234375 0.02421875 0.02421875