4 0.1578125 0.225 0.153125 0.1390625
0 0.1703125 0.33515625 0.0421875 0.0921875
8 0.17265625 0.39921875 0.18125 0.04765625
2 0.29453125 0.22109375 0.1296875 0.0296875
4 0.1703125 0.51953125 0.15078125 0.10859375
0 0.16640625 0.596875 0.0328125 0.0640625
8 0.16953125 0.64765625 0.1328125 0.04453125
2 0.2875 0.5140625 0.0984375 0.02890625
4 0.16171875 0.75859375 0.14375 0.10625
0 0.1640625 0.83671875 0.02578125 0.06484375
8 0.16171875 0.88671875 0.15234375 0.05703125
2 0.27578125 0.75390625 0.103125 0.02734375
4 0.49921875 0.24140625 0.1515625 0.109375
0 0.50625 0.328125 0.0375 0.07890625
8 0.50390625 0.38671875 0.16875 0.053125
2 0.6328125 0.23046875 0.13515625 0.0296875
4 0.4890625 0.51171875 0.14765625 0.10546875
0 0.4828125 0.58828125 0.0359375 0.06328125
8 0.4859375 0.63515625 0.1453125 0.04609375
2 0.61640625 0.50703125 0.1234375 0.02890625
4 0.4828125 0.74609375 0.1390625 0.1078125
0 0.484375 0.828125 0.028125 0.0671875
8 0.475 0.884375 0.18515625 0.05703125
2 0.60234375 0.740625 0.1140625 0.0296875
4 0.784375 0.7484375 0.13515625 0.1046875
0 0.79140625 0.82890625 0.0375 0.06875
2 0.89609375 0.74765625 0.10078125 0.02890625
0 0.790625 0.5890625 0.0390625 0.065625
4 0.7921875 0.50390625 0.1390625 0.11328125
2 0.89921875 0.50546875 0.09296875 0.028125
0 0.79296875 0.34140625 0.04140625 0.06328125
4 0.8 0.25078125 0.1671875 0.1203125
2 0.91171875 0.2453125 0.09140625 0.02578125
5 0.3421875 0.221875 0.03203125 0.028125
5 0.16953125 0.37265625 0.05078125 0.021875
5 0.31796875 0.5140625 0.0375 0.03359375
5 0.16640625 0.62109375 0.03125 0.015625
5 0.31015625 0.753125 0.03515625 0.034375
5 0.1625 0.859375 0.03046875 0.01796875
5 0.68203125 0.23203125 0.0375 0.028125
5 0.50703125 0.35625 0.03203125 0.021875
5 0.6625 0.50859375 0.04296875 0.0328125
5 0.48125 0.61328125 0.0453125 0.01640625
5 0.6375 0.7421875 0.04375 0.0265625
5 0.4828125 0.8484375 0.0265625 0.01953125
5 0.94140625 0.24453125 0.0359375 0.0265625
5 0.79609375 0.3640625 0.053125 0.02265625
5 0.928125 0.50546875 0.0359375 0.025
5 0.79140625 0.61171875 0.03984375 0.025
5 0.93046875 0.74921875 0.04453125 0.03203125
5 0.79296875 0.85078125 0.04296875 0.02734375