4 0.2234375 0.159375 0.096875 0.08828125
1 0.12265625 0.15703125 0.11640625 0.02265625
2 0.3265625 0.15625 0.12109375 0.025
1 0.13046875 0.26484375 0.13046875 0.02734375
2 0.33125 0.27109375 0.128125 0.02421875
4 0.23359375 0.26875 0.0859375 0.08515625
1 0.10390625 0.4015625 0.1578125 0.02578125
4 0.2421875 0.39453125 0.1203125 0.11875
2 0.34921875 0.4 0.10546875 0.02578125
1 0.1015625 0.51484375 0.11796875 0.0265625
2 0.334375 0.515625 0.18359375 0.0234375
4 0.20625 0.5203125 0.09921875 0.0875
1 0.1046875 0.64609375 0.13515625 0.0265625
4 0.2171875 0.64296875 0.103125 0.08984375
2 0.3265625 0.63984375 0.1359375 0.02890625
1 0.1078125 0.79765625 0.146875 0.02421875
4 0.225 0.796875 0.096875 0.09140625
2 0.33203125 0.7953125 0.12734375 0.025
1 0.56484375 0.7953125 0.17421875 0.02890625
4 0.703125 0.796875 0.10703125 0.10390625
2 0.790625 0.79609375 0.08125 0.02265625
1 0.55703125 0.640625 0.16640625 0.0234375
4 0.69296875 0.640625 0.11015625 0.0984375
2 0.80390625 0.6421875 0.121875 0.0265625
1 0.56484375 0.51484375 0.2109375 0.02734375
4 0.73203125 0.51640625 0.13125 0.11484375
2 0.87265625 0.51484375 0.16484375 0.0296875
1 0.5328125 0.39765625 0.1390625 0.025
4 0.6578125 0.39453125 0.11171875 0.1109375
2 0.78359375 0.39296875 0.140625 0.02265625
1 0.52578125 0.26875 0.11015625 0.02265625
4 0.65078125 0.27890625 0.1578125 0.0796875
2 0.78125 0.26953125 0.1109375 0.025
1 0.54609375 0.16484375 0.11953125 0.025
4 0.66796875 0.165625 0.134375 0.109375
2 0.79375 0.16875 0.1421875 0.02578125
5 0.37109375 0.15859375 0.04453125 0.02734375
5 0.078125 0.1609375 0.0265625 0.02421875
5 0.084375 0.265625 0.025 0.03046875
5 0.36875 0.26875 0.05234375 0.0359375
5 0.0421875 0.40234375 0.0421875 0.02734375
5 0.39296875 0.403125 0.05078125 0.03203125
5 0.0578125 0.515625 0.03125 0.02578125
5 0.40625 0.5171875 0.046875 0.025
5 0.0515625 0.646875 0.046875 0.02734375
5 0.37734375 0.6390625 0.0375 0.03203125
5 0.046875 0.79609375 0.0375 0.0328125
5 0.3796875 0.79765625 0.0390625 0.02578125
5 0.50078125 0.1671875 0.03125 0.03046875
5 0.85 0.1671875 0.0390625 0.02421875
5 0.484375 0.26875 0.0390625 0.02890625
5 0.81796875 0.26953125 0.0484375 0.034375
5 0.47421875 0.4 0.0328125 0.02265625
5 0.83359375 0.39140625 0.04609375 0.028125
5 0.48203125 0.515625 0.0421875 0.028125
5 0.9375 0.5140625 0.034375 0.0234375
5 0.48984375 0.64140625 0.046875 0.03671875
5 0.84375 0.6421875 0.0328125 0.02578125
5 0.503125 0.79765625 0.0484375 0.03515625
5 0.8140625 0.7953125 0.0296875 0.025