1 0.12109375 0.125 0.1046875 0.03125
4 0.22734375 0.128125 0.1140625 0.090625
2 0.33203125 0.1265625 0.11015625 0.02890625
1 0.12265625 0.24765625 0.1171875 0.03203125
4 0.225 0.25 0.1046875 0.090625
2 0.32578125 0.24453125 0.11015625 0.028125
1 0.11953125 0.365625 0.1171875 0.02734375
4 0.2609375 0.378125 0.17890625 0.075
2 0.38828125 0.375 0.0859375 0.028125
1 0.12109375 0.50625 0.12734375 0.03046875
4 0.2875 0.5171875 0.21328125 0.0890625
2 0.44765625 0.51640625 0.11796875 0.0328125
1 0.10078125 0.6296875 0.0890625 0.02578125
4 0.2046875 0.62734375 0.128125 0.109375
2 0.30859375 0.63046875 0.090625 0.03125
1 0.10390625 0.79921875 0.1125 0.021875
4 0.21796875 0.79609375 0.1328125 0.10078125
2 0.32890625 0.79609375 0.10625 0.028125
1 0.5453125 0.1234375 0.1109375 0.0328125
4 0.6515625 0.1328125 0.109375 0.0984375
2 0.76640625 0.13046875 0.13046875 0.03203125
1 0.53359375 0.24453125 0.0875 0.0265625
4 0.61328125 0.24609375 0.08046875 0.08359375
2 0.6890625 0.24921875 0.08515625 0.02421875
1 0.54140625 0.378125 0.1125 0.02578125
4 0.6515625 0.38046875 0.11328125 0.07578125
2 0.75 0.38125 0.10234375 0.028125
1 0.61796875 0.521875 0.1265625 0.03203125
4 0.73515625 0.52578125 0.11953125 0.103125
2 0.85859375 0.52578125 0.1515625 0.03359375
1 0.51953125 0.6640625 0.08515625 0.028125
4 0.63828125 0.66171875 0.16171875 0.11484375
2 0.75703125 0.6640625 0.1015625 0.0296875
1 0.5390625 0.79765625 0.12578125 0.02578125
4 0.65234375 0.80234375 0.121875 0.10234375
2 0.771875 0.7953125 0.1296875 0.02578125
5 0.084375 0.12265625 0.028125 0.040625
5 0.3640625 0.12734375 0.03828125 0.028125
5 0.0859375 0.24375 0.0453125 0.03125
5 0.3609375 0.246875 0.04140625 0.0265625
5 0.07421875 0.36328125 0.03125 0.03359375
5 0.41796875 0.37421875 0.02734375 0.0265625
5 0.071875 0.50546875 0.03515625 0.03125
5 0.4890625 0.515625 0.03125 0.03359375
5 0.06875 0.6265625 0.02578125 0.03046875
5 0.3421875 0.63125 0.0328125 0.0265625
5 0.0609375 0.79921875 0.0328125 0.028125
5 0.3671875 0.79453125 0.0484375 0.0421875
5 0.5078125 0.12265625 0.0359375 0.025
5 0.81171875 0.1328125 0.034375 0.0234375
5 0.50234375 0.24296875 0.0296875 0.0328125
5 0.7171875 0.2484375 0.03125 0.028125
5 0.496875 0.37734375 0.0484375 0.028125
5 0.778125 0.38046875 0.04296875 0.034375
5 0.5671875 0.51953125 0.0515625 0.040625
5 0.915625 0.52421875 0.04140625 0.03359375
5 0.48828125 0.6640625 0.0296875 0.03828125
5 0.7890625 0.6625 0.04453125 0.03671875
5 0.49375 0.79921875 0.03828125 0.02578125
5 0.8171875 0.79375 0.03984375 0.02578125