1 0.125 0.1546875 0.1375 0.028125
4 0.24453125 0.16015625 0.115625 0.0828125
2 0.35703125 0.15546875 0.12109375 0.02578125
1 0.12578125 0.2765625 0.15078125 0.0328125
4 0.25 0.27734375 0.1109375 0.0859375
0 0.24609375 0.34765625 0.04609375 0.06328125
1 0.1203125 0.43828125 0.1265625 0.02734375
4 0.2375 0.43984375 0.11640625 0.07734375
0 0.2390625 0.50546875 0.0375 0.0625
1 0.10859375 0.6203125 0.1125 0.025
4 0.22578125 0.615625 0.1328125 0.0859375
2 0.34140625 0.61015625 0.1171875 0.02890625
1 0.553125 0.15078125 0.13046875 0.0265625
4 0.67734375 0.15234375 0.13046875 0.09296875
2 0.80546875 0.1484375 0.14296875 0.0328125
1 0.69921875 0.265625 0.1359375 0.0265625
4 0.8234375 0.2625 0.12578125 0.09453125
0 0.825 0.32890625 0.03515625 0.0453125
1 0.40390625 0.27578125 0.13359375 0.0265625
4 0.52265625 0.27265625 0.12265625 0.090625
0 0.51875 0.346875 0.0359375 0.0625
1 0.425 0.43828125 0.11328125 0.025
4 0.5375 0.4359375 0.11953125 0.08984375
0 0.54296875 0.5078125 0.03828125 0.06484375
1 0.471875 0.60859375 0.08828125 0.025
4 0.55625 0.60625 0.090625 0.0671875
2 0.63515625 0.603125 0.084375 0.025
0 0.46171875 0.7015625 0.0421875 0.07578125
4 0.46328125 0.78984375 0.1890625 0.11171875
0 0.47265625 0.87109375 0.0390625 0.06171875
8 0.4671875 0.921875 0.1625 0.046875
2 0.615625 0.77734375 0.12734375 0.025
6 0.7609375 0.7921875 0.18125 0.11328125
0 0.88671875 0.6875 0.034375 0.071875
4 0.8828125 0.60703125 0.13984375 0.09375
1 0.7640625 0.603125 0.10859375 0.02734375
0 0.834375 0.51640625 0.0375 0.0625
1 0.70546875 0.4359375 0.125 0.025
4 0.825 0.43984375 0.1328125 0.1
5 0.06953125 0.153125 0.0390625 0.02890625
5 0.4 0.15546875 0.04921875 0.03203125
5 0.06640625 0.275 0.0421875 0.03046875
5 0.24375 0.36875 0.04296875 0.0203125
5 0.071875 0.43984375 0.025 0.02734375
5 0.2390625 0.525 0.03671875 0.02265625
5 0.0640625 0.61796875 0.028125 0.02734375
5 0.38046875 0.61015625 0.0328125 0.02890625
5 0.3515625 0.27265625 0.040625 0.02734375
5 0.51875 0.3640625 0.034375 0.02578125
5 0.51015625 0.1515625 0.0390625 0.03125
5 0.859375 0.1453125 0.04453125 0.03359375
5 0.6453125 0.2671875 0.04375 0.03515625
5 0.8265625 0.340625 0.04375 0.01875
5 0.3875 0.43671875 0.0421875 0.02734375
5 0.65859375 0.43359375 0.0421875 0.034375
5 0.54296875 0.528125 0.04375 0.02890625
5 0.83515625 0.53671875 0.05234375 0.02890625
5 0.44375 0.609375 0.05078125 0.0375
5 0.66171875 0.60390625 0.0328125 0.028125
5 0.728125 0.60546875 0.04765625 0.03515625
5 0.890625 0.71015625 0.04765625 0.0203125
5 0.4578125 0.73046875 0.0359375 0.01953125
5 0.65546875 0.775 0.04453125 0.02890625
5 0.47734375 0.89140625 0.05703125 0.02421875