2 0.21484375 0.128125 0.25078125 0.05234375
2 0.52734375 0.125 0.24921875 0.05078125
2 0.80703125 0.12578125 0.23515625 0.05390625
2 0.21484375 0.31953125 0.23984375 0.05625
2 0.52890625 0.32734375 0.2546875 0.05078125
2 0.834375 0.32734375 0.24765625 0.053125
2 0.21640625 0.55625 0.23828125 0.06328125
2 0.51171875 0.56015625 0.2671875 0.06328125
2 0.83046875 0.5671875 0.25625 0.06640625
2 0.19296875 0.825 0.25234375 0.05625
2 0.50390625 0.83125 0.26640625 0.06328125
2 0.803125 0.83359375 0.26875 0.06171875
5 0.30625 0.125 0.04296875 0.046875
5 0.6203125 0.12578125 0.053125 0.04140625
5 0.8890625 0.121875 0.053125 0.03671875
5 0.3078125 0.3203125 0.0484375 0.04609375
5 0.6296875 0.32578125 0.05 0.04609375
5 0.925 0.325 0.03359375 0.04375
5 0.3109375 0.55859375 0.04453125 0.04375
5 0.60703125 0.5625 0.0515625 0.04296875
5 0.91953125 0.5640625 0.04765625 0.04765625
5 0.27109375 0.82578125 0.040625 0.04140625
5 0.5890625 0.828125 0.04609375 0.05078125
5 0.90390625 0.83125 0.04765625 0.05078125