4 0.19375 0.15234375 0.09921875 0.07890625
0 0.19453125 0.2171875 0.03359375 0.05859375
2 0.28359375 0.1546875 0.09140625 0.0234375
1 0.1078125 0.3609375 0.09921875 0.0234375
4 0.2046875 0.36328125 0.11171875 0.08359375
0 0.20234375 0.4296875 0.03046875 0.0625
4 0.13046875 0.53984375 0.14921875 0.06796875
2 0.23359375 0.540625 0.0734375 0.0234375
0 0.14453125 0.5875 0.03203125 0.03984375
4 0.1734375 0.73359375 0.1515625 0.12734375
0 0.18984375 0.84296875 0.0375 0.1015625
2 0.296875 0.740625 0.109375 0.02578125
4 0.4703125 0.1609375 0.12265625 0.09609375
0 0.4625 0.23671875 0.03359375 0.06484375
2 0.57578125 0.159375 0.1 0.02421875
4 0.778125 0.16484375 0.15078125 0.0734375
0 0.78125 0.22734375 0.03515625 0.06328125
2 0.8921875 0.16640625 0.09140625 0.021875
1 0.396875 0.3671875 0.07890625 0.02109375
4 0.465625 0.36875 0.0734375 0.07109375
0 0.475 0.4296875 0.0375 0.0625
4 0.4296875 0.5453125 0.1484375 0.0671875
0 0.43046875 0.5921875 0.03515625 0.0375
2 0.52578125 0.54375 0.06171875 0.0234375
4 0.45859375 0.7359375 0.140625 0.13828125
0 0.4609375 0.821875 0.03125 0.04375
2 0.5703125 0.74921875 0.09453125 0.025
4 0.771875 0.753125 0.184375 0.12109375
0 0.78359375 0.8734375 0.040625 0.1265625
2 0.8890625 0.75234375 0.0703125 0.02421875
4 0.74296875 0.5484375 0.14453125 0.06796875
0 0.7625 0.596875 0.03359375 0.03359375
2 0.865625 0.55 0.10703125 0.0234375
1 0.640625 0.3734375 0.11015625 0.02578125
4 0.75078125 0.3734375 0.1203125 0.08828125
0 0.7609375 0.44609375 0.03515625 0.06328125
5 0.3109375 0.15390625 0.034375 0.02265625
5 0.19453125 0.23515625 0.03359375 0.015625
5 0.46328125 0.2625 0.0515625 0.0203125
5 0.60859375 0.15859375 0.04140625 0.021875
5 0.78125 0.25 0.0328125 0.01796875
5 0.9296875 0.16953125 0.03359375 0.025
5 0.0671875 0.36015625 0.02421875 0.02734375
5 0.203125 0.45 0.034375 0.021875
5 0.36640625 0.365625 0.02890625 0.01875
5 0.4703125 0.4546875 0.0515625 0.02265625
5 0.59765625 0.37578125 0.02734375 0.0328125
5 0.75859375 0.4671875 0.03984375 0.02265625
5 0.14140625 0.59765625 0.0328125 0.02265625
5 0.25390625 0.540625 0.02265625 0.0234375
5 0.4328125 0.60546875 0.04375 0.01328125
5 0.5375 0.54453125 0.0328125 0.02734375
5 0.7640625 0.6015625 0.03828125 0.0203125
5 0.90546875 0.5515625 0.0328125 0.028125
5 0.3375 0.7421875 0.03828125 0.03359375
5 0.18828125 0.88046875 0.0453125 0.02734375
5 0.4578125 0.83203125 0.02890625 0.02265625
5 0.59921875 0.74921875 0.03515625 0.02265625
5 0.9078125 0.75078125 0.03125 0.0265625
5 0.7828125 0.925 0.04296875 0.02734375