4 0.15859375 0.15625 0.12265625 0.103125
0 0.16875 0.23828125 0.0265625 0.06953125
8 0.17265625 0.29140625 0.16015625 0.0484375
2 0.26796875 0.159375 0.11171875 0.02578125
4 0.171875 0.4234375 0.15625 0.1203125
0 0.178125 0.51328125 0.03046875 0.0703125
8 0.17109375 0.56796875 0.16484375 0.046875
2 0.29921875 0.4203125 0.11484375 0.0234375
8 0.4734375 0.5703125 0.17265625 0.05390625
0 0.48046875 0.51484375 0.03359375 0.0734375
4 0.47890625 0.421875 0.16328125 0.12265625
2 0.6015625 0.4296875 0.08671875 0.02734375
2 0.69296875 0.4390625 0.053125 0.0265625
3 0.67265625 0.50859375 0.0453125 0.1375
1 0.70625 0.5796875 0.078125 0.03125
4 0.7953125 0.4359375 0.16328125 0.1359375
0 0.7921875 0.528125 0.0296875 0.06328125
7 0.803125 0.5796875 0.13984375 0.05625
2 0.909375 0.4359375 0.078125 0.021875
4 0.44609375 0.16484375 0.1421875 0.09296875
0 0.4453125 0.22890625 0.03125 0.04375
8 0.44765625 0.27109375 0.159375 0.05
2 0.54609375 0.16875 0.078125 0.02734375
3 0.634375 0.240625 0.034375 0.1265625
2 0.665625 0.175 0.07890625 0.0203125
4 0.759375 0.17265625 0.11875 0.10703125
0 0.75859375 0.25859375 0.0375 0.071875
2 0.865625 0.175 0.1171875 0.028125
4 0.1671875 0.7046875 0.16875 0.1203125
0 0.16640625 0.80078125 0.04140625 0.078125
8 0.175 0.85859375 0.1953125 0.05390625
2 0.303125 0.71171875 0.11640625 0.03046875
4 0.49765625 0.70859375 0.1453125 0.12578125
0 0.49453125 0.8125 0.03671875 0.084375
8 0.49453125 0.87109375 0.175 0.05078125
2 0.6234375 0.7203125 0.12265625 0.02578125
4 0.82421875 0.76015625 0.08671875 0.07890625
2 0.7375 0.76328125 0.09453125 0.0265625
3 0.69375 0.8234375 0.0390625 0.11875
1 0.7328125 0.88046875 0.09140625 0.03203125
8 0.8359375 0.8796875 0.1375 0.04609375
0 0.82421875 0.82734375 0.034375 0.0703125
2 0.90703125 0.7578125 0.08828125 0.0296875
5 0.1625 0.2609375 0.028125 0.0203125
5 0.30625 0.1578125 0.034375 0.025
5 0.44609375 0.24453125 0.03828125 0.015625
5 0.56796875 0.171875 0.03984375 0.0203125
5 0.69609375 0.1734375 0.02734375 0.0265625
5 0.63203125 0.1875 0.03125 0.02421875
5 0.76015625 0.28203125 0.04453125 0.0265625
5 0.9125 0.17734375 0.0328125 0.03046875
5 0.17734375 0.53828125 0.03515625 0.02421875
5 0.3421875 0.421875 0.02265625 0.02890625
5 0.48046875 0.5421875 0.03671875 0.02265625
5 0.6328125 0.43125 0.03125 0.03203125
5 0.68046875 0.578125 0.034375 0.0296875
5 0.67109375 0.4546875 0.0421875 0.03046875
5 0.70546875 0.4375 0.02734375 0.03125
5 0.7890625 0.54765625 0.040625 0.02109375
5 0.934375 0.43359375 0.0203125 0.021875
5 0.16953125 0.8296875 0.05546875 0.02578125
5 0.3484375 0.71171875 0.0328125 0.03515625
5 0.49375 0.8375 0.04453125 0.02578125
5 0.6671875 0.71953125 0.03671875 0.02734375
5 0.7078125 0.878125 0.034375 0.03125
5 0.68984375 0.771875 0.04765625 0.03125
5 0.771875 0.76640625 0.02421875 0.03515625
5 0.821875 0.84765625 0.04140625 0.02265625
5 0.9359375 0.75625 0.03984375 0.02890625