1 0.09296875 0.134375 0.13203125 0.0234375
4 0.22890625 0.14140625 0.1484375 0.13671875
2 0.36171875 0.13671875 0.125 0.0234375
1 0.134375 0.3359375 0.0859375 0.03125
4 0.25625 0.33828125 0.16796875 0.13671875
2 0.3828125 0.33125 0.096875 0.02890625
1 0.12109375 0.5328125 0.1265625 0.02734375
4 0.24296875 0.52890625 0.12890625 0.12265625
2 0.3578125 0.525 0.12578125 0.03125
1 0.11015625 0.7453125 0.13046875 0.02578125
4 0.2484375 0.740625 0.16015625 0.1203125
2 0.36796875 0.73671875 0.090625 0.02890625
1 0.63203125 0.1359375 0.1265625 0.03359375
4 0.7609375 0.13984375 0.1515625 0.15
2 0.89453125 0.13359375 0.1234375 0.02734375
1 0.6078125 0.321875 0.13828125 0.03359375
4 0.73359375 0.3171875 0.1375 0.13046875
2 0.84609375 0.31171875 0.1015625 0.03203125
1 0.565625 0.53515625 0.115625 0.02734375
4 0.71328125 0.5359375 0.19140625 0.11484375
2 0.85625 0.53359375 0.1140625 0.02734375
1 0.59375 0.75234375 0.10390625 0.0296875
4 0.71875 0.74375 0.16328125 0.1296875
2 0.8328125 0.7421875 0.08046875 0.02890625
5 0.040625 0.1328125 0.0328125 0.02421875
5 0.40703125 0.134375 0.0421875 0.025
5 0.11328125 0.33671875 0.03984375 0.0375
5 0.4109375 0.3296875 0.03515625 0.0296875
5 0.06484375 0.5328125 0.03671875 0.02578125
5 0.3984375 0.52578125 0.0515625 0.04375
5 0.05859375 0.7453125 0.04296875 0.02578125
5 0.39375 0.7359375 0.0328125 0.025
5 0.58359375 0.13515625 0.04453125 0.03359375
5 0.93828125 0.134375 0.0296875 0.02734375
5 0.5578125 0.325 0.04375 0.0375
5 0.88203125 0.3125 0.0328125 0.03125
5 0.51328125 0.53203125 0.046875 0.0421875
5 0.89296875 0.534375 0.034375 0.03203125
5 0.559375 0.75390625 0.053125 0.03671875
5 0.85546875 0.7390625 0.03125 0.03125