4 0.190625 0.14140625 0.165625 0.1265625
0 0.2203125 0.24296875 0.04375 0.084375
2 0.3171875 0.14140625 0.10625 0.028125
4 0.24375 0.39609375 0.14609375 0.11171875
0 0.26328125 0.47734375 0.03671875 0.0578125
2 0.36484375 0.3953125 0.1078125 0.03046875
4 0.28125 0.603125 0.14609375 0.125
0 0.31015625 0.69609375 0.04375 0.07421875
2 0.3953125 0.5953125 0.10546875 0.02578125
4 0.31171875 0.81484375 0.1203125 0.09140625
0 0.3375 0.890625 0.04140625 0.07421875
2 0.434375 0.80703125 0.14765625 0.02890625
4 0.63828125 0.13671875 0.1609375 0.128125
0 0.64765625 0.22734375 0.03203125 0.065625
2 0.75234375 0.13359375 0.0921875 0.02421875
4 0.66171875 0.38515625 0.1390625 0.12109375
0 0.67890625 0.465625 0.03671875 0.053125
2 0.778125 0.37734375 0.1140625 0.02890625
4 0.68515625 0.5921875 0.1484375 0.12421875
0 0.6921875 0.6859375 0.03515625 0.06953125
2 0.80625 0.5859375 0.1171875 0.03203125
4 0.703125 0.8203125 0.1484375 0.1265625
0 0.73046875 0.915625 0.04765625 0.07734375
2 0.840625 0.81015625 0.1453125 0.03125
5 0.35546875 0.1390625 0.03046875 0.0265625
5 0.221875 0.2734375 0.0375 0.02421875
5 0.403125 0.39609375 0.03203125 0.02578125
5 0.27109375 0.49453125 0.0421875 0.02421875
5 0.3109375 0.7171875 0.04765625 0.02890625
5 0.434375 0.59296875 0.03046875 0.02421875
5 0.4765625 0.8046875 0.046875 0.028125
5 0.3359375 0.91171875 0.04453125 0.02578125
5 0.778125 0.13125 0.03359375 0.0296875
5 0.65234375 0.2484375 0.03203125 0.02421875
5 0.67890625 0.48203125 0.06171875 0.04140625
5 0.81875 0.3765625 0.02109375 0.02890625
5 0.69140625 0.7078125 0.03671875 0.02265625
5 0.846875 0.584375 0.0234375 0.02265625
5 0.89296875 0.80859375 0.0390625 0.03359375
5 0.728125 0.9375 0.04296875 0.02890625