4 0.24765625 0.18515625 0.190625 0.1421875
0 0.27578125 0.28671875 0.05078125 0.0765625
4 0.271875 0.390625 0.17890625 0.13828125
0 0.28515625 0.49765625 0.05390625 0.08984375
4 0.27109375 0.60390625 0.22734375 0.13984375
0 0.29296875 0.69921875 0.0390625 0.05859375
2 0.38359375 0.72890625 0.18828125 0.02421875
0 0.48125 0.7421875 0.03125 0.0390625
9 0.4453125 0.79609375 0.30078125 0.0828125
2 0.465625 0.6 0.17265625 0.02421875
4 0.646875 0.61015625 0.2109375 0.15390625
0 0.65546875 0.71875 0.04609375 0.0734375
0 0.66171875 0.77421875 0.0359375 0.04296875
1 0.62734375 0.79609375 0.08515625 0.01875
2 0.83515625 0.603125 0.18671875 0.028125
0 0.65 0.49453125 0.05703125 0.0875
2 0.42734375 0.18984375 0.18984375 0.03046875
4 0.63359375 0.19140625 0.234375 0.18046875
2 0.80078125 0.18125 0.1359375 0.03125
0 0.64765625 0.30234375 0.04375 0.05703125
2 0.45390625 0.38125 0.2046875 0.021875
4 0.646875 0.3921875 0.19609375 0.12890625
2 0.8078125 0.3796875 0.13515625 0.02890625
5 0.49609375 0.190625 0.046875 0.02734375
5 0.853125 0.17734375 0.046875 0.03515625
5 0.64375 0.32421875 0.05 0.01796875
5 0.859375 0.38125 0.03984375 0.0296875
5 0.65078125 0.52578125 0.05703125 0.01796875
5 0.90546875 0.603125 0.0515625 0.034375
5 0.65390625 0.74375 0.06328125 0.021875
5 0.6609375 0.7859375 0.03984375 0.02109375
5 0.603125 0.79453125 0.02734375 0.03046875
5 0.27421875 0.3078125 0.0484375 0.02734375
5 0.534375 0.38125 0.034375 0.021875
5 0.2859375 0.53203125 0.06171875 0.02734375
5 0.53359375 0.60078125 0.0359375 0.01796875
5 0.290625 0.71796875 0.04296875 0.02578125
5 0.4515625 0.725 0.02734375 0.0234375
5 0.4796875 0.7546875 0.04296875 0.0203125