0 0.44765625 0.14140625 0.0484375 0.14375
4 0.44375 0.2796875 0.2171875 0.14453125
0 0.44921875 0.4 0.05 0.11328125
7 0.471875 0.48671875 0.27421875 0.07265625
0 0.453125 0.55859375 0.04375 0.0984375
7 0.47734375 0.63671875 0.27265625 0.07421875
1 0.246875 0.6359375 0.22421875 0.03515625
3 0.14375 0.45546875 0.05 0.37265625
2 0.24375 0.27734375 0.20625 0.03125
2 0.62734375 0.26953125 0.184375 0.02890625
9 0.7984375 0.27109375 0.190625 0.0765625
1 0.6140625 0.7140625 0.184375 0.03671875
4 0.80390625 0.71640625 0.21484375 0.18046875
0 0.7984375 0.84921875 0.04765625 0.1
5 0.45234375 0.20234375 0.059375 0.0265625
5 0.69921875 0.27109375 0.04375 0.02578125
5 0.3296875 0.27890625 0.03828125 0.02890625
5 0.14140625 0.28203125 0.04375 0.03671875
5 0.44921875 0.44609375 0.04375 0.02890625
5 0.4515625 0.59609375 0.0484375 0.0296875
5 0.16171875 0.63984375 0.06796875 0.04140625
5 0.54296875 0.71484375 0.040625 0.0296875
5 0.79296875 0.884375 0.0375 0.02421875