4 0.178125 0.1859375 0.22578125 0.17265625
2 0.365625 0.18203125 0.171875 0.0296875
0 0.1984375 0.31796875 0.0546875 0.0984375
4 0.20234375 0.4640625 0.16484375 0.15234375
2 0.33359375 0.471875 0.1171875 0.02734375
0 0.22578125 0.56484375 0.04296875 0.06171875
4 0.2296875 0.66796875 0.12578125 0.09453125
0 0.25078125 0.74453125 0.05625 0.07265625
2 0.3390625 0.6671875 0.10625 0.0296875
4 0.59609375 0.19140625 0.1828125 0.1640625
2 0.7453125 0.18671875 0.1328125 0.03125
0 0.61328125 0.30546875 0.04765625 0.0828125
4 0.64375 0.47109375 0.18984375 0.15234375
0 0.64453125 0.5796875 0.053125 0.0859375
2 0.82109375 0.46328125 0.17734375 0.034375
4 0.646875 0.74140625 0.21171875 0.1609375
0 0.66484375 0.87109375 0.05 0.10546875
2 0.82734375 0.7421875 0.17578125 0.0328125
5 0.425 0.18046875 0.04375 0.0234375
5 0.1953125 0.35078125 0.046875 0.025
5 0.61328125 0.33359375 0.0453125 0.021875
5 0.79375 0.19296875 0.053125 0.03125
5 0.88203125 0.4640625 0.05703125 0.03671875
5 0.646875 0.6078125 0.06015625 0.0265625
5 0.3734375 0.46875 0.03671875 0.02734375
5 0.2234375 0.584375 0.03984375 0.0265625
5 0.365625 0.66484375 0.05 0.0359375
5 0.25625 0.76875 0.06171875 0.0296875
5 0.66796875 0.90625 0.05859375 0.03671875
5 0.88671875 0.73984375 0.04296875 0.0265625