4 0.28203125 0.20625 0.18984375 0.19375
0 0.30234375 0.33046875 0.05625 0.06953125
4 0.3046875 0.43671875 0.22265625 0.15625
0 0.30703125 0.5546875 0.04765625 0.09453125
4 0.29453125 0.671875 0.18671875 0.15546875
0 0.328125 0.79453125 0.06171875 0.1
1 0.23984375 0.84453125 0.21171875 0.02578125
3 0.12265625 0.7671875 0.0546875 0.175
3 0.1296875 0.5984375 0.05859375 0.16953125
3 0.12890625 0.43125 0.053125 0.1609375
3 0.12421875 0.2875 0.03828125 0.1328125
2 0.16171875 0.228125 0.078125 0.03125
2 0.4546875 0.21640625 0.18125 0.03125
4 0.64375 0.2046875 0.21171875 0.1859375
2 0.8015625 0.20625 0.11875 0.03359375
0 0.66796875 0.32734375 0.05234375 0.07578125
2 0.49375 0.43359375 0.18046875 0.0359375
4 0.66875 0.44296875 0.2015625 0.17421875
2 0.82734375 0.421875 0.1328125 0.03203125
0 0.6828125 0.559375 0.05234375 0.0703125
2 0.478125 0.6765625 0.209375 0.03359375
4 0.67734375 0.671875 0.20703125 0.16875
0 0.68828125 0.7984375 0.0546875 0.1
2 0.84453125 0.67109375 0.1453125 0.03828125
5 0.528125 0.22109375 0.040625 0.03046875
5 0.8328125 0.2046875 0.06875 0.0296875
5 0.67265625 0.35390625 0.0578125 0.03046875
5 0.8703125 0.41875 0.04375 0.03046875
5 0.6859375 0.584375 0.05 0.0265625
5 0.896875 0.67109375 0.046875 0.03359375
5 0.68515625 0.83359375 0.0546875 0.028125
5 0.18046875 0.2265625 0.0421875 0.028125
5 0.29765625 0.35 0.05234375 0.0265625
5 0.5640625 0.4390625 0.04375 0.02421875
5 0.309375 0.5890625 0.04375 0.03046875
5 0.5578125 0.67890625 0.040625 0.028125
5 0.33203125 0.8296875 0.0484375 0.02734375
5 0.14375 0.84296875 0.040625 0.02734375
5 0.125 0.696875 0.05 0.03359375
5 0.1234375 0.52890625 0.05625 0.025
5 0.125 0.36875 0.053125 0.0328125
5 0.1203125 0.24140625 0.05 0.03671875