2 0.19765625 0.146875 0.20390625 0.04140625
2 0.47109375 0.1375 0.20078125 0.04765625
2 0.78203125 0.1390625 0.18828125 0.04921875
2 0.16875 0.31953125 0.1640625 0.03984375
2 0.45625 0.309375 0.19609375 0.05078125
2 0.775 0.309375 0.215625 0.05234375
2 0.16640625 0.49921875 0.165625 0.04296875
2 0.46953125 0.496875 0.20078125 0.040625
2 0.78828125 0.5046875 0.22265625 0.05390625
2 0.18359375 0.6984375 0.2046875 0.05546875
2 0.49453125 0.69140625 0.23671875 0.05
2 0.809375 0.6921875 0.25390625 0.059375
5 0.27109375 0.14296875 0.04609375 0.04453125
5 0.55 0.134375 0.0375 0.03984375
5 0.853125 0.1359375 0.0484375 0.04609375
5 0.21171875 0.315625 0.04140625 0.03046875
5 0.50859375 0.3046875 0.05546875 0.03984375
5 0.85234375 0.30625 0.0640625 0.05078125
5 0.21171875 0.49765625 0.04296875 0.03828125
5 0.51875 0.496875 0.0375 0.0375
5 0.86640625 0.5015625 0.04453125 0.04140625
5 0.24296875 0.696875 0.06171875 0.05078125
5 0.5703125 0.68984375 0.04609375 0.040625
5 0.89765625 0.6953125 0.04609375 0.05390625