2 0.1640625 0.153125 0.2015625 0.05234375
2 0.46796875 0.1578125 0.215625 0.05078125
2 0.78828125 0.153125 0.22265625 0.04375
2 0.15859375 0.31875 0.21015625 0.04609375
2 0.459375 0.3171875 0.21015625 0.04375
2 0.7859375 0.31640625 0.23359375 0.04140625
2 0.16796875 0.5015625 0.196875 0.05234375
2 0.47109375 0.50859375 0.253125 0.046875
2 0.784375 0.50625 0.23125 0.04453125
2 0.171875 0.746875 0.228125 0.05234375
2 0.48359375 0.75546875 0.27578125 0.05703125
2 0.8046875 0.75390625 0.25703125 0.04765625
5 0.24140625 0.15703125 0.03359375 0.028125
5 0.52890625 0.15546875 0.040625 0.028125
5 0.875 0.1546875 0.04453125 0.01875
5 0.234375 0.31640625 0.0390625 0.0296875
5 0.53203125 0.3125 0.0359375 0.02421875
5 0.871875 0.31484375 0.03359375 0.028125
5 0.2359375 0.50234375 0.034375 0.02578125
5 0.56328125 0.50546875 0.04296875 0.03203125
5 0.86484375 0.50703125 0.04453125 0.03359375
5 0.246875 0.74765625 0.03671875 0.02890625
5 0.56328125 0.75078125 0.0515625 0.02734375
5 0.884375 0.75390625 0.04609375 0.03515625