2 0.19765625 0.1515625 0.24609375 0.05
2 0.51875 0.13828125 0.25078125 0.03203125
2 0.79453125 0.13359375 0.2046875 0.040625
2 0.2046875 0.3578125 0.23671875 0.0375
2 0.50078125 0.34296875 0.2265625 0.04296875
2 0.7984375 0.33828125 0.21875 0.05
2 0.18984375 0.5921875 0.2453125 0.05234375
2 0.5 0.59453125 0.22265625 0.05390625
2 0.8 0.596875 0.25234375 0.05703125
2 0.18828125 0.81015625 0.228125 0.05078125
2 0.48125 0.81328125 0.27421875 0.05546875
2 0.8125 0.8125 0.2453125 0.04765625
5 0.2921875 0.1453125 0.0296875 0.02109375
5 0.61484375 0.13828125 0.04609375 0.02734375
5 0.8625 0.12734375 0.025 0.01875
5 0.2890625 0.35390625 0.0375 0.025
5 0.58984375 0.3390625 0.0265625 0.025
5 0.88046875 0.33125 0.028125 0.021875
5 0.28125 0.59140625 0.03203125 0.028125
5 0.59765625 0.59765625 0.028125 0.025
5 0.878125 0.5875 0.04140625 0.03046875
5 0.27578125 0.8125 0.0234375 0.02578125
5 0.5609375 0.8109375 0.034375 0.03125
5 0.903125 0.81328125 0.0375 0.02734375