9 0.25859375 0.16328125 0.28515625 0.1015625
9 0.57578125 0.15625 0.2703125 0.09375
9 0.81328125 0.159375 0.18828125 0.096875
9 0.23828125 0.32109375 0.26875 0.103125
9 0.56640625 0.32265625 0.2765625 0.096875
9 0.83515625 0.3359375 0.17734375 0.0953125
9 0.20703125 0.56015625 0.2234375 0.09296875
9 0.515625 0.5625 0.31640625 0.0953125
9 0.828125 0.56328125 0.20078125 0.115625
9 0.21328125 0.81015625 0.23515625 0.1203125
9 0.534375 0.79296875 0.25390625 0.1140625
9 0.85625 0.79296875 0.20234375 0.1015625