2 0.16640625 0.1421875 0.2078125 0.040625
2 0.51015625 0.134375 0.2265625 0.03125
2 0.80625 0.12421875 0.23125 0.04296875
2 0.15625 0.38125 0.21171875 0.03671875
2 0.4625 0.3796875 0.2453125 0.04375
2 0.76953125 0.375 0.27109375 0.05546875
2 0.16953125 0.5953125 0.2296875 0.05234375
2 0.41953125 0.5859375 0.2421875 0.04140625
2 0.71875 0.5875 0.28984375 0.04375
2 0.14375 0.815625 0.20078125 0.040625
2 0.42109375 0.8046875 0.27578125 0.05234375
2 0.79609375 0.81328125 0.31328125 0.06875
5 0.246875 0.13984375 0.046875 0.02890625
5 0.5890625 0.13125 0.046875 0.03203125
5 0.8953125 0.1296875 0.0515625 0.04140625
5 0.23125 0.37890625 0.034375 0.0375
5 0.56171875 0.37578125 0.05859375 0.025
5 0.871875 0.378125 0.0546875 0.03203125
5 0.2453125 0.5890625 0.03046875 0.03515625
5 0.51015625 0.58359375 0.05859375 0.03671875
5 0.83203125 0.58828125 0.04453125 0.03515625
5 0.20859375 0.81640625 0.0265625 0.03359375
5 0.53984375 0.803125 0.05703125 0.04453125
5 0.92421875 0.81484375 0.05703125 0.04140625