2 0.18515625 0.15625 0.21171875 0.03828125
2 0.48203125 0.1546875 0.228125 0.04140625
2 0.76875 0.1546875 0.19453125 0.05
2 0.1828125 0.28671875 0.23125 0.0390625
2 0.4703125 0.29609375 0.22109375 0.0453125
2 0.7671875 0.2921875 0.23671875 0.04140625
2 0.1921875 0.409375 0.24765625 0.034375
2 0.48203125 0.4078125 0.20625 0.02890625
2 0.78671875 0.4078125 0.19765625 0.03828125
2 0.16953125 0.52578125 0.21328125 0.03984375
2 0.4796875 0.52265625 0.22109375 0.04765625
2 0.79296875 0.521875 0.15625 0.03359375
5 0.26875 0.15234375 0.02109375 0.028125
5 0.56640625 0.15078125 0.04609375 0.0234375
5 0.83125 0.15234375 0.02890625 0.01796875
5 0.27265625 0.28671875 0.0234375 0.02265625
5 0.54296875 0.29140625 0.034375 0.025
5 0.8625 0.284375 0.03359375 0.021875
5 0.27265625 0.40234375 0.02890625 0.03046875
5 0.559375 0.40546875 0.0265625 0.01796875
5 0.8515625 0.4078125 0.03359375 0.025
5 0.23984375 0.52421875 0.03359375 0.021875
5 0.5609375 0.52109375 0.034375 0.02421875
5 0.846875 0.5265625 0.03046875 0.02109375