2 0.21875 0.19296875 0.24765625 0.040625
2 0.49765625 0.19375 0.23359375 0.03671875
2 0.775 0.19296875 0.24921875 0.04453125
2 0.21796875 0.35546875 0.240625 0.0359375
2 0.50625 0.359375 0.2578125 0.046875
2 0.7953125 0.35390625 0.2703125 0.03671875
2 0.21953125 0.5140625 0.2609375 0.05390625
2 0.51171875 0.5171875 0.28046875 0.04375
2 0.80859375 0.51484375 0.28203125 0.03828125
2 0.22109375 0.69375 0.28046875 0.04140625
2 0.51875 0.7015625 0.26875 0.03515625
2 0.81328125 0.70078125 0.27890625 0.03359375
5 0.31328125 0.18984375 0.03203125 0.02109375
5 0.59765625 0.190625 0.02265625 0.01484375
5 0.8828125 0.1921875 0.028125 0.01484375
5 0.31484375 0.353125 0.03359375 0.025
5 0.6140625 0.35390625 0.03203125 0.02578125
5 0.9125 0.35390625 0.0359375 0.02109375
5 0.32890625 0.5125 0.03359375 0.01640625
5 0.61328125 0.51171875 0.03359375 0.021875
5 0.91953125 0.51171875 0.0359375 0.02421875
5 0.3421875 0.6890625 0.0234375 0.02109375
5 0.63828125 0.69375 0.03359375 0.02578125
5 0.93984375 0.696875 0.02890625 0.02421875