2 0.20078125 0.2171875 0.2453125 0.04296875
2 0.49765625 0.225 0.24765625 0.04453125
2 0.78671875 0.21953125 0.26875 0.04765625
2 0.1984375 0.42421875 0.25234375 0.040625
2 0.4859375 0.42578125 0.246875 0.04453125
2 0.7875 0.43125 0.26640625 0.04453125
2 0.19296875 0.58203125 0.25234375 0.04609375
2 0.49140625 0.578125 0.27734375 0.04453125
2 0.7890625 0.58125 0.2578125 0.04140625
2 0.19921875 0.78984375 0.2671875 0.046875
2 0.496875 0.790625 0.27734375 0.059375
2 0.8 0.7984375 0.26875 0.053125
5 0.30078125 0.2203125 0.028125 0.01640625
5 0.59609375 0.221875 0.025 0.02421875
5 0.8890625 0.21796875 0.03359375 0.028125
5 0.3015625 0.42265625 0.025 0.021875
5 0.59375 0.428125 0.03046875 0.034375
5 0.88671875 0.425 0.0375 0.03359375
5 0.30234375 0.5796875 0.03359375 0.02734375
5 0.59453125 0.578125 0.03203125 0.025
5 0.89921875 0.58203125 0.034375 0.025
5 0.30078125 0.790625 0.0296875 0.034375
5 0.5953125 0.79609375 0.028125 0.03125
5 0.91875 0.79765625 0.0265625 0.0328125