2 0.209375 0.2125 0.21484375 0.04296875
2 0.4796875 0.209375 0.2328125 0.03984375
2 0.7625 0.20859375 0.240625 0.040625
2 0.2078125 0.3609375 0.2140625 0.03359375
2 0.4875 0.3640625 0.2453125 0.04765625
2 0.76171875 0.3671875 0.2390625 0.05
2 0.21875 0.51953125 0.23125 0.04453125
2 0.47421875 0.5203125 0.21328125 0.03671875
2 0.7609375 0.51171875 0.23671875 0.03203125
2 0.21484375 0.67265625 0.20390625 0.05234375
2 0.4921875 0.66875 0.22578125 0.04453125
2 0.76171875 0.66953125 0.2390625 0.04296875
5 0.29296875 0.2125 0.0390625 0.034375
5 0.5640625 0.21015625 0.05859375 0.03828125
5 0.84140625 0.20625 0.04765625 0.04296875
5 0.29296875 0.3640625 0.04453125 0.02890625
5 0.56484375 0.359375 0.03359375 0.03046875
5 0.84453125 0.359375 0.04453125 0.034375
5 0.30078125 0.51796875 0.0390625 0.025
5 0.56328125 0.51796875 0.03671875 0.02734375
5 0.8390625 0.5125 0.04140625 0.03828125
5 0.296875 0.67109375 0.04453125 0.03671875
5 0.57265625 0.66796875 0.0390625 0.040625
5 0.8390625 0.66328125 0.04453125 0.0359375