9 0.2046875 0.21953125 0.165625 0.07578125
9 0.43125 0.22109375 0.1796875 0.07265625
9 0.7109375 0.228125 0.1984375 0.08359375
9 0.2140625 0.32578125 0.18828125 0.07578125
9 0.453125 0.33125 0.20234375 0.08046875
9 0.7140625 0.33671875 0.22109375 0.08203125
9 0.21875 0.453125 0.1921875 0.07734375
9 0.45625 0.45390625 0.19609375 0.08828125
9 0.728125 0.46015625 0.20234375 0.08515625
9 0.2109375 0.60234375 0.19453125 0.08828125
9 0.4625 0.6109375 0.225 0.08359375
9 0.7265625 0.615625 0.20078125 0.08359375