2 0.21796875 0.17578125 0.2296875 0.05625
2 0.49296875 0.1796875 0.21171875 0.05703125
2 0.77578125 0.17734375 0.2140625 0.07421875
2 0.2 0.390625 0.24921875 0.07890625
2 0.52109375 0.3875 0.25625 0.071875
2 0.7921875 0.3765625 0.2078125 0.06328125
2 0.1859375 0.5921875 0.2296875 0.075
2 0.49453125 0.60078125 0.26484375 0.08203125
2 0.8 0.6046875 0.25234375 0.07734375
2 0.18515625 0.79921875 0.23359375 0.08046875
2 0.51875 0.80859375 0.28515625 0.084375
2 0.821875 0.8015625 0.2421875 0.08359375
5 0.28828125 0.17578125 0.0640625 0.04375
5 0.553125 0.17890625 0.06953125 0.05234375
5 0.83671875 0.18125 0.07109375 0.05703125
5 0.2828125 0.390625 0.08125 0.0625
5 0.59609375 0.38515625 0.0640625 0.06640625
5 0.8578125 0.3796875 0.08203125 0.07890625
5 0.253125 0.59375 0.08828125 0.05390625
5 0.59140625 0.6015625 0.0765625 0.07109375
5 0.86484375 0.6046875 0.08671875 0.07109375
5 0.25546875 0.80234375 0.0765625 0.08671875
5 0.61484375 0.80859375 0.07265625 0.07578125
5 0.8828125 0.8015625 0.08203125 0.07109375