2 0.23515625 0.24453125 0.22578125 0.05234375
2 0.51953125 0.2484375 0.21171875 0.04375
2 0.771875 0.25234375 0.20859375 0.0421875
2 0.22578125 0.42421875 0.21171875 0.046875
2 0.52890625 0.4265625 0.21875 0.05390625
2 0.8078125 0.41953125 0.19453125 0.05234375
2 0.2375 0.60078125 0.2265625 0.05
2 0.53125 0.6015625 0.21875 0.06015625
2 0.80546875 0.6078125 0.2015625 0.05078125
2 0.21953125 0.778125 0.18515625 0.05625
2 0.54453125 0.78203125 0.26484375 0.04453125
2 0.825 0.78515625 0.21875 0.05
5 0.309375 0.24296875 0.028125 0.03203125
5 0.5890625 0.2453125 0.03203125 0.02265625
5 0.84921875 0.253125 0.034375 0.03828125
5 0.29296875 0.42578125 0.04765625 0.02890625
5 0.61328125 0.42421875 0.0390625 0.0375
5 0.8921875 0.42890625 0.04296875 0.03359375
5 0.30546875 0.596875 0.03671875 0.040625
5 0.6125 0.60390625 0.03203125 0.0296875
5 0.8921875 0.6109375 0.0484375 0.0375
5 0.29140625 0.77734375 0.053125 0.028125
5 0.63359375 0.78515625 0.0375 0.03359375
5 0.89296875 0.784375 0.03359375 0.03828125