2 0.1828125 0.18125 0.18359375 0.04453125
2 0.49921875 0.17421875 0.228125 0.0484375
2 0.76875 0.171875 0.19921875 0.04921875
2 0.17734375 0.3390625 0.2171875 0.046875
2 0.50546875 0.33671875 0.24375 0.04296875
2 0.778125 0.3390625 0.190625 0.04375
2 0.16171875 0.50859375 0.20859375 0.03671875
2 0.50390625 0.5125 0.25703125 0.059375
2 0.78046875 0.50625 0.21953125 0.046875
2 0.16875 0.73828125 0.23125 0.04375
2 0.47578125 0.7296875 0.29375 0.06875
2 0.78125 0.7375 0.2421875 0.053125
5 0.23671875 0.1765625 0.040625 0.0375
5 0.5921875 0.1734375 0.04140625 0.03125
5 0.84765625 0.16875 0.0375 0.03359375
5 0.2546875 0.34140625 0.0375 0.03359375
5 0.59453125 0.3375 0.03046875 0.03125
5 0.8578125 0.33828125 0.040625 0.025
5 0.24140625 0.50390625 0.0359375 0.03671875
5 0.5984375 0.5078125 0.0515625 0.03359375
5 0.85859375 0.51015625 0.04296875 0.0296875
5 0.234375 0.72890625 0.053125 0.03828125
5 0.57421875 0.72890625 0.053125 0.034375
5 0.87265625 0.734375 0.03515625 0.040625