2 0.21328125 0.13125 0.228125 0.046875
2 0.52265625 0.1296875 0.2421875 0.059375
2 0.78984375 0.125 0.2171875 0.04296875
2 0.20625 0.30859375 0.2421875 0.03671875
2 0.5125 0.3078125 0.20859375 0.03828125
2 0.79140625 0.30625 0.2171875 0.04453125
2 0.16875 0.49453125 0.22578125 0.04765625
2 0.49296875 0.49765625 0.21953125 0.04609375
2 0.790625 0.49375 0.21875 0.05078125
2 0.1484375 0.6546875 0.22421875 0.04765625
2 0.49375 0.65 0.2265625 0.05859375
2 0.8 0.6546875 0.25390625 0.046875
5 0.29453125 0.13046875 0.0390625 0.04765625
5 0.590625 0.12109375 0.03203125 0.03125
5 0.8703125 0.1203125 0.0296875 0.03359375
5 0.2890625 0.3046875 0.04296875 0.02890625
5 0.5890625 0.303125 0.02890625 0.03046875
5 0.878125 0.30625 0.0375 0.03671875
5 0.259375 0.48671875 0.0359375 0.034375
5 0.5875 0.49296875 0.04296875 0.03515625
5 0.878125 0.49140625 0.0515625 0.03828125
5 0.23515625 0.653125 0.034375 0.05
5 0.56640625 0.65078125 0.04296875 0.028125
5 0.9 0.65234375 0.0359375 0.040625