2 0.20859375 0.15 0.23828125 0.046875
2 0.44921875 0.1421875 0.21015625 0.04453125
2 0.665625 0.13359375 0.19765625 0.0578125
2 0.86640625 0.128125 0.19765625 0.04609375
2 0.15 0.2640625 0.2328125 0.034375
2 0.396875 0.27265625 0.21171875 0.05078125
2 0.61640625 0.26796875 0.20234375 0.05546875
2 0.83203125 0.26640625 0.21171875 0.05390625
2 0.1890625 0.46875 0.26015625 0.05625
2 0.41328125 0.465625 0.165625 0.04765625
2 0.61171875 0.4609375 0.18671875 0.05390625
2 0.825 0.45546875 0.21328125 0.0515625
2 0.1671875 0.65 0.22265625 0.05546875
2 0.3875 0.6578125 0.18359375 0.04765625
2 0.60078125 0.665625 0.21015625 0.05703125
2 0.82734375 0.6734375 0.19765625 0.05625
5 0.2890625 0.14453125 0.0625 0.03515625
5 0.515625 0.13984375 0.07265625 0.03828125
5 0.73984375 0.13203125 0.0609375 0.046875
5 0.93515625 0.128125 0.06953125 0.04921875
5 0.2265625 0.26171875 0.06796875 0.03984375
5 0.46328125 0.26953125 0.07421875 0.046875
5 0.6765625 0.26640625 0.0625 0.04921875
5 0.88515625 0.26484375 0.0734375 0.05625
5 0.284375 0.46640625 0.0671875 0.04921875
5 0.4609375 0.4625 0.0671875 0.04453125
5 0.66796875 0.46015625 0.07109375 0.04609375
5 0.89609375 0.45703125 0.05546875 0.040625
5 0.24296875 0.64296875 0.05390625 0.0375
5 0.44140625 0.65546875 0.0625 0.04765625
5 0.67109375 0.659375 0.0625 0.04453125
5 0.88828125 0.675 0.0625 0.04375