2 0.16640625 0.2203125 0.284375 0.046875
2 0.525 0.21875 0.3203125 0.03515625
2 0.846875 0.22265625 0.284375 0.03515625
2 0.17109375 0.40859375 0.3078125 0.0421875
2 0.52421875 0.4125 0.32890625 0.0375
2 0.83984375 0.41015625 0.28984375 0.02578125
2 0.16953125 0.603125 0.31875 0.04140625
2 0.5234375 0.6046875 0.346875 0.03984375
2 0.853125 0.61015625 0.29140625 0.04140625
2 0.16171875 0.79375 0.3125 0.0375
2 0.51015625 0.8 0.3578125 0.040625
2 0.84765625 0.80078125 0.28828125 0.03984375
5 0.29453125 0.21640625 0.034375 0.025
5 0.6625 0.22109375 0.0484375 0.02890625
5 0.96328125 0.21953125 0.040625 0.02734375
5 0.29765625 0.40703125 0.02890625 0.02265625
5 0.65703125 0.41015625 0.0484375 0.03515625
5 0.959375 0.41171875 0.0375 0.01953125
5 0.29765625 0.6 0.02890625 0.02578125
5 0.671875 0.60234375 0.03046875 0.03203125
5 0.97578125 0.60234375 0.0484375 0.03046875
5 0.29453125 0.79609375 0.03203125 0.02421875
5 0.66796875 0.79453125 0.0296875 0.02265625
5 0.96640625 0.80234375 0.02265625 0.03203125