6 0.1359375 0.15078125 0.22109375 0.134375
6 0.4234375 0.14765625 0.24609375 0.14375
6 0.73984375 0.15 0.27109375 0.1484375
6 0.15 0.33359375 0.23828125 0.1453125
6 0.43125 0.32890625 0.26171875 0.1578125
6 0.77109375 0.3296875 0.28671875 0.14453125
6 0.17109375 0.53203125 0.2671875 0.1515625
6 0.49140625 0.53359375 0.271875 0.1453125
6 0.79296875 0.52734375 0.26171875 0.12421875
6 0.1953125 0.75703125 0.27890625 0.15625
6 0.50703125 0.75703125 0.271875 0.17421875
6 0.80078125 0.76328125 0.26875 0.17734375