2 0.15703125 0.134375 0.2359375 0.0625
2 0.52421875 0.11015625 0.26328125 0.04609375
2 0.8234375 0.0984375 0.18984375 0.053125
2 0.16875 0.3 0.25625 0.05390625
2 0.51953125 0.28125 0.2453125 0.06640625
2 0.83125 0.26875 0.21015625 0.0625
2 0.1671875 0.5234375 0.2453125 0.05234375
2 0.51328125 0.509375 0.2296875 0.046875
2 0.8296875 0.49453125 0.196875 0.04765625
2 0.178125 0.76015625 0.26484375 0.05234375
2 0.5125 0.75859375 0.27890625 0.0703125
2 0.83828125 0.7578125 0.2296875 0.065625
5 0.24296875 0.1265625 0.0484375 0.04375
5 0.634375 0.10234375 0.03359375 0.034375
5 0.88984375 0.096875 0.0546875 0.04921875
5 0.25 0.29765625 0.04375 0.05078125
5 0.59921875 0.27578125 0.05546875 0.053125
5 0.8953125 0.2671875 0.0515625 0.05390625
5 0.25859375 0.52265625 0.04609375 0.05
5 0.6 0.51171875 0.0515625 0.04921875
5 0.896875 0.49765625 0.04609375 0.05
5 0.27734375 0.76328125 0.04140625 0.046875
5 0.6109375 0.76015625 0.0484375 0.053125
5 0.9203125 0.76640625 0.06015625 0.06015625