6 0.2296875 0.15234375 0.271875 0.11015625
6 0.56171875 0.1484375 0.265625 0.10234375
6 0.85078125 0.15234375 0.21015625 0.11328125
6 0.18671875 0.3109375 0.28828125 0.11015625
6 0.50625 0.31875 0.20390625 0.10078125
6 0.815625 0.31171875 0.22265625 0.13671875
6 0.17265625 0.50546875 0.2515625 0.11640625
6 0.49453125 0.5125 0.24921875 0.1421875
6 0.82734375 0.50078125 0.253125 0.11796875
6 0.16640625 0.725 0.26328125 0.12890625
6 0.50859375 0.728125 0.24921875 0.12890625
6 0.86015625 0.7328125 0.25703125 0.14375