2 0.1859375 0.115625 0.196875 0.04453125
2 0.4640625 0.10703125 0.25625 0.03984375
2 0.809375 0.1015625 0.228125 0.04921875
2 0.1921875 0.2640625 0.22265625 0.03984375
2 0.45859375 0.25546875 0.2421875 0.04453125
2 0.80859375 0.24921875 0.26875 0.046875
2 0.17734375 0.4296875 0.21171875 0.04296875
2 0.4515625 0.428125 0.28046875 0.05390625
2 0.78125 0.43984375 0.2671875 0.0546875
2 0.1796875 0.59453125 0.2421875 0.04453125
2 0.44453125 0.6046875 0.2453125 0.05234375
2 0.77578125 0.61328125 0.2953125 0.05234375
5 0.25 0.11484375 0.04765625 0.03125
5 0.55703125 0.10859375 0.04296875 0.04453125
5 0.903125 0.10703125 0.04453125 0.02890625
5 0.25078125 0.26328125 0.0390625 0.03359375
5 0.5484375 0.2546875 0.0375 0.03984375
5 0.90234375 0.25390625 0.0515625 0.03671875
5 0.2421875 0.43125 0.0484375 0.03046875
5 0.559375 0.4296875 0.05390625 0.0375
5 0.8890625 0.44296875 0.0390625 0.03203125
5 0.275 0.5984375 0.0390625 0.03984375
5 0.540625 0.60625 0.04453125 0.040625
5 0.88046875 0.615625 0.04453125 0.03671875