3 0.2140625 0.11875 0.07890625 0.1265625
3 0.5234375 0.1109375 0.0515625 0.1109375
3 0.8265625 0.1109375 0.03828125 0.11328125
3 0.2265625 0.33359375 0.05703125 0.128125
3 0.53671875 0.34140625 0.0671875 0.14375
3 0.84609375 0.34140625 0.0671875 0.140625
3 0.21953125 0.5828125 0.04453125 0.16640625
3 0.54765625 0.5703125 0.0609375 0.13828125
3 0.86171875 0.5765625 0.04453125 0.159375
3 0.21484375 0.83125 0.04609375 0.1265625
3 0.56015625 0.83671875 0.03984375 0.15390625
3 0.87578125 0.8390625 0.0765625 0.17578125
5 0.20390625 0.06953125 0.0359375 0.0234375
5 0.5125 0.06953125 0.0328125 0.0234375
5 0.82734375 0.07265625 0.04296875 0.03359375
5 0.215625 0.28125 0.05 0.03359375
5 0.53359375 0.28515625 0.0359375 0.02890625
5 0.8359375 0.271875 0.04296875 0.0265625
5 0.2203125 0.5140625 0.04453125 0.02578125
5 0.553125 0.5171875 0.0515625 0.03125
5 0.85859375 0.5125 0.03984375 0.03046875
5 0.21015625 0.7765625 0.04765625 0.02890625
5 0.55234375 0.76796875 0.04140625 0.03671875
5 0.8578125 0.76796875 0.02421875 0.028125