2 0.18203125 0.1078125 0.24375 0.04375
2 0.50859375 0.1078125 0.27578125 0.05390625
2 0.8171875 0.103125 0.26328125 0.05
2 0.15859375 0.31875 0.23515625 0.046875
2 0.4890625 0.34375 0.26484375 0.06640625
2 0.81875 0.346875 0.24921875 0.04453125
2 0.17734375 0.590625 0.259375 0.05078125
2 0.4859375 0.59375 0.25625 0.06171875
2 0.83125 0.58671875 0.24921875 0.0515625
2 0.1890625 0.81875 0.29140625 0.0625
2 0.4875 0.82578125 0.2671875 0.04609375
2 0.86015625 0.8328125 0.24921875 0.04921875
5 0.24765625 0.1046875 0.03203125 0.03515625
5 0.58515625 0.103125 0.053125 0.040625
5 0.9171875 0.103125 0.05390625 0.03984375
5 0.246875 0.31953125 0.03046875 0.028125
5 0.575 0.34921875 0.03203125 0.03671875
5 0.93203125 0.3515625 0.0390625 0.04609375
5 0.2765625 0.58515625 0.034375 0.034375
5 0.58359375 0.59609375 0.0375 0.04375
5 0.93828125 0.5875 0.034375 0.028125
5 0.303125 0.8203125 0.03203125 0.04140625
5 0.5765625 0.83125 0.0515625 0.03671875
5 0.9609375 0.83515625 0.0484375 0.04375