6 0.20234375 0.1765625 0.278125 0.15
6 0.49609375 0.17578125 0.22890625 0.11796875
6 0.815625 0.18828125 0.25546875 0.13046875
6 0.18046875 0.3671875 0.27578125 0.1515625
6 0.52890625 0.36640625 0.28203125 0.12265625
6 0.83828125 0.3890625 0.246875 0.11953125
6 0.1859375 0.55078125 0.2859375 0.12421875
6 0.52734375 0.55625 0.28203125 0.12265625
6 0.846875 0.5578125 0.25546875 0.11953125
6 0.16171875 0.78125 0.2984375 0.17734375
6 0.48984375 0.78125 0.26953125 0.14375
6 0.83046875 0.78515625 0.25546875 0.1453125