2 0.18828125 0.13125 0.253125 0.04609375
2 0.48359375 0.1203125 0.25625 0.03515625
2 0.80859375 0.1203125 0.23203125 0.0375
2 0.15859375 0.30078125 0.22578125 0.03359375
2 0.46328125 0.29609375 0.31640625 0.053125
2 0.82265625 0.27109375 0.24375 0.0421875
2 0.15625 0.4859375 0.21171875 0.03359375
2 0.44375 0.46875 0.27734375 0.053125
2 0.7515625 0.4625 0.26875 0.034375
2 0.17109375 0.6640625 0.246875 0.0375
2 0.459375 0.659375 0.27578125 0.03203125
2 0.78515625 0.64765625 0.27734375 0.05078125
5 0.27265625 0.1296875 0.04296875 0.03359375
5 0.57890625 0.12265625 0.02890625 0.02421875
5 0.8859375 0.121875 0.053125 0.03515625
5 0.23515625 0.303125 0.04296875 0.03671875
5 0.575 0.284375 0.0375 0.03046875
5 0.884375 0.26796875 0.03359375 0.028125
5 0.23046875 0.484375 0.0375 0.02734375
5 0.54140625 0.46328125 0.034375 0.03046875
5 0.853125 0.46328125 0.040625 0.03515625
5 0.27265625 0.665625 0.03203125 0.021875
5 0.5609375 0.653125 0.0265625 0.025
5 0.8859375 0.6453125 0.04453125 0.03125