2 0.15625 0.103125 0.22578125 0.046875
2 0.46640625 0.0953125 0.20625 0.0375
2 0.78515625 0.08203125 0.2546875 0.04296875
2 0.1421875 0.2796875 0.22578125 0.04453125
2 0.42265625 0.2734375 0.2015625 0.04296875
2 0.74296875 0.26796875 0.24609375 0.04453125
2 0.13671875 0.4671875 0.25078125 0.04765625
2 0.41796875 0.46796875 0.20859375 0.0390625
2 0.753125 0.46328125 0.23515625 0.04140625
2 0.1171875 0.6625 0.22265625 0.04375
2 0.41015625 0.6546875 0.196875 0.046875
2 0.7484375 0.65546875 0.25625 0.05703125
5 0.24140625 0.10625 0.0390625 0.03046875
5 0.54453125 0.09375 0.040625 0.034375
5 0.8703125 0.08203125 0.0484375 0.0484375
5 0.21875 0.27890625 0.0359375 0.034375
5 0.50234375 0.2734375 0.0484375 0.05
5 0.846875 0.26484375 0.03671875 0.02890625
5 0.2234375 0.4703125 0.06015625 0.03515625
5 0.49296875 0.46484375 0.03203125 0.02890625
5 0.84296875 0.46328125 0.0359375 0.04140625
5 0.18515625 0.66171875 0.0359375 0.04453125
5 0.475 0.6546875 0.021875 0.0375
5 0.83515625 0.646875 0.0375 0.03984375