6 0.203125 0.1140625 0.259375 0.10234375
6 0.521875 0.09765625 0.1984375 0.09375
6 0.8015625 0.09375 0.23515625 0.09765625
6 0.16953125 0.27421875 0.25703125 0.12265625
6 0.50859375 0.27890625 0.26171875 0.11640625
6 0.840625 0.26953125 0.246875 0.11484375
6 0.171875 0.4625 0.278125 0.1515625
6 0.50078125 0.4640625 0.2203125 0.1453125
6 0.80859375 0.45234375 0.240625 0.11015625
6 0.140625 0.68671875 0.23671875 0.146875
6 0.46484375 0.66953125 0.271875 0.14375
6 0.80859375 0.65625 0.2453125 0.1375