6 0.24296875 0.07421875 0.2734375 0.11015625
6 0.5375 0.07421875 0.2203125 0.10546875
6 0.83203125 0.084375 0.259375 0.11953125
6 0.1734375 0.25859375 0.26953125 0.13671875
6 0.4921875 0.25703125 0.240625 0.13046875
6 0.8234375 0.24921875 0.265625 0.1421875
6 0.1671875 0.4671875 0.26171875 0.159375
6 0.48515625 0.45390625 0.246875 0.153125
6 0.8 0.46171875 0.2921875 0.18046875
6 0.1671875 0.703125 0.265625 0.1375
6 0.49765625 0.67265625 0.24296875 0.175
6 0.80703125 0.6828125 0.2984375 0.1609375