2 0.13984375 0.103125 0.14765625 0.04765625
2 0.4671875 0.09765625 0.221875 0.04609375
2 0.81484375 0.090625 0.19765625 0.04453125
2 0.14375 0.290625 0.1921875 0.04375
2 0.46640625 0.290625 0.2421875 0.04609375
2 0.8125 0.290625 0.19765625 0.04375
2 0.14140625 0.525 0.22421875 0.053125
2 0.5 0.52265625 0.23984375 0.04140625
2 0.8328125 0.52734375 0.2421875 0.0546875
2 0.11796875 0.76171875 0.19375 0.04296875
2 0.4578125 0.753125 0.20234375 0.04453125
2 0.81953125 0.75 0.2265625 0.04609375
5 0.190625 0.09921875 0.025 0.02734375
5 0.53046875 0.09921875 0.040625 0.028125
5 0.88515625 0.09140625 0.03203125 0.0296875
5 0.2046875 0.29453125 0.03515625 0.021875
5 0.56796875 0.29140625 0.0375 0.0328125
5 0.8703125 0.29140625 0.03359375 0.0328125
5 0.21796875 0.5265625 0.0296875 0.02265625
5 0.58203125 0.52578125 0.025 0.025
5 0.9046875 0.52890625 0.04296875 0.03515625
5 0.18203125 0.7546875 0.034375 0.02890625
5 0.51875 0.75546875 0.03203125 0.03046875
5 0.89296875 0.75546875 0.028125 0.03515625