6 0.190625 0.11171875 0.25546875 0.1421875
6 0.49921875 0.11171875 0.23515625 0.12421875
6 0.82734375 0.11328125 0.253125 0.11640625
6 0.18359375 0.32421875 0.25703125 0.1515625
6 0.48984375 0.31328125 0.253125 0.11796875
6 0.821875 0.2921875 0.24296875 0.10234375
6 0.15703125 0.53125 0.26171875 0.1578125
6 0.4984375 0.52109375 0.24921875 0.13203125
6 0.8171875 0.5109375 0.253125 0.12109375
6 0.15859375 0.78359375 0.30859375 0.1609375
6 0.47890625 0.78828125 0.24296875 0.1640625
6 0.8171875 0.76953125 0.28203125 0.153125