6 0.23828125 0.15234375 0.26328125 0.11171875
6 0.5296875 0.153125 0.25546875 0.10703125
6 0.83671875 0.16015625 0.2390625 0.11484375
6 0.21015625 0.340625 0.23671875 0.1375
6 0.540625 0.35078125 0.29609375 0.146875
6 0.8484375 0.35703125 0.259375 0.12890625
6 0.209375 0.58515625 0.28359375 0.1625
6 0.53203125 0.59296875 0.28828125 0.159375
6 0.84375 0.5953125 0.28203125 0.1671875
6 0.175 0.8296875 0.30859375 0.1609375
6 0.52265625 0.83515625 0.31484375 0.15625
6 0.85 0.83203125 0.2984375 0.146875