2 0.20625 0.1015625 0.20078125 0.05
2 0.57421875 0.115625 0.2421875 0.05234375
2 0.86953125 0.115625 0.1671875 0.05390625
2 0.1703125 0.29765625 0.21484375 0.04609375
2 0.53359375 0.3046875 0.20390625 0.05625
2 0.834375 0.31484375 0.20078125 0.04921875
2 0.16015625 0.50625 0.21171875 0.04765625
2 0.51640625 0.4984375 0.2046875 0.03984375
2 0.81484375 0.5015625 0.21484375 0.03828125
2 0.13984375 0.740625 0.21171875 0.05
2 0.4609375 0.73984375 0.1890625 0.046875
2 0.80234375 0.7421875 0.2171875 0.03984375
5 0.2703125 0.096875 0.04453125 0.03203125
5 0.646875 0.11875 0.08203125 0.05078125
5 0.9296875 0.11328125 0.04609375 0.03359375
5 0.23125 0.29609375 0.0671875 0.04375
5 0.59765625 0.30078125 0.05 0.04296875
5 0.9 0.309375 0.05 0.03203125
5 0.22109375 0.503125 0.06875 0.040625
5 0.58359375 0.5 0.08125 0.05078125
5 0.88671875 0.50390625 0.065625 0.03515625
5 0.1859375 0.73359375 0.075 0.03671875
5 0.52421875 0.740625 0.08125 0.03984375
5 0.871875 0.73984375 0.05546875 0.04609375