6 0.171875 0.12578125 0.25703125 0.10703125
6 0.484375 0.12578125 0.22890625 0.10703125
6 0.83046875 0.11328125 0.24296875 0.11015625
6 0.15625 0.3453125 0.259375 0.10390625
6 0.47578125 0.34140625 0.2328125 0.09921875
6 0.8109375 0.3375 0.28203125 0.11640625
6 0.16875 0.56328125 0.2796875 0.11484375
6 0.47265625 0.56328125 0.25546875 0.1390625
6 0.8265625 0.56953125 0.3203125 0.13359375
6 0.15546875 0.796875 0.28984375 0.11953125
6 0.50625 0.80546875 0.29375 0.12421875
6 0.85625 0.81015625 0.28671875 0.1375