2 0.153125 0.1171875 0.1953125 0.03984375
2 0.52421875 0.103125 0.2421875 0.04375
2 0.8234375 0.1046875 0.22265625 0.04140625
2 0.153125 0.31875 0.2046875 0.034375
2 0.51015625 0.31640625 0.203125 0.05
2 0.83203125 0.3109375 0.22421875 0.05625
2 0.13203125 0.553125 0.19609375 0.03828125
2 0.503125 0.55234375 0.253125 0.04921875
2 0.83828125 0.55625 0.25703125 0.053125
2 0.1328125 0.803125 0.22578125 0.04609375
2 0.46640625 0.79921875 0.240625 0.053125
2 0.8078125 0.81015625 0.2421875 0.03984375
5 0.228125 0.1140625 0.03203125 0.025
5 0.58984375 0.1046875 0.03359375 0.03359375
5 0.9109375 0.109375 0.0359375 0.03203125
5 0.2203125 0.31875 0.03359375 0.02421875
5 0.5890625 0.309375 0.04140625 0.028125
5 0.90390625 0.30703125 0.040625 0.025
5 0.20859375 0.5515625 0.0375 0.03515625
5 0.59453125 0.55078125 0.0265625 0.03359375
5 0.91640625 0.55546875 0.034375 0.03515625
5 0.1984375 0.80234375 0.04296875 0.04296875
5 0.5484375 0.8 0.0265625 0.02421875
5 0.88984375 0.81015625 0.0375 0.01875