2 0.16640625 0.1125 0.19921875 0.03046875
2 0.51953125 0.1109375 0.23671875 0.04375
2 0.8171875 0.17890625 0.2578125 0.05
2 0.14765625 0.1984375 0.19765625 0.04296875
2 0.528125 0.309375 0.2890625 0.05234375
2 0.165625 0.39765625 0.20234375 0.03984375
2 0.76640625 0.39921875 0.27578125 0.05703125
2 0.4859375 0.5 0.20859375 0.05390625
2 0.15703125 0.61875 0.2265625 0.0625
2 0.47265625 0.715625 0.22578125 0.06875
2 0.7515625 0.54921875 0.24609375 0.0640625
2 0.77734375 0.734375 0.25625 0.06484375
5 0.23984375 0.11171875 0.0390625 0.02578125
5 0.60625 0.109375 0.05 0.034375
5 0.903125 0.1765625 0.053125 0.03125
5 0.21015625 0.190625 0.0265625 0.02421875
5 0.6203125 0.303125 0.0640625 0.05546875
5 0.23828125 0.3921875 0.03359375 0.03515625
5 0.84453125 0.39296875 0.06171875 0.0375
5 0.55625 0.4953125 0.04453125 0.03515625
5 0.82421875 0.5390625 0.08515625 0.04140625
5 0.2234375 0.60859375 0.04765625 0.04296875
5 0.534375 0.7125 0.06796875 0.05703125
5 0.86640625 0.73125 0.05546875 0.04140625