6 0.15234375 0.13359375 0.21484375 0.10703125
6 0.509375 0.1484375 0.2671875 0.12421875
6 0.80546875 0.15078125 0.23046875 0.12265625
6 0.14921875 0.35703125 0.23671875 0.14375
6 0.4984375 0.36015625 0.253125 0.146875
6 0.8140625 0.36328125 0.26328125 0.146875
6 0.13359375 0.5765625 0.23046875 0.153125
6 0.49453125 0.571875 0.253125 0.146875
6 0.825 0.571875 0.25703125 0.165625
6 0.1296875 0.81015625 0.246875 0.1703125
6 0.49765625 0.7953125 0.2390625 0.16875
6 0.825 0.790625 0.22890625 0.18046875