2 0.17109375 0.13125 0.25078125 0.03984375
2 0.503125 0.1265625 0.2703125 0.04609375
2 0.825 0.115625 0.259375 0.03828125
2 0.16796875 0.31875 0.2546875 0.04609375
2 0.490625 0.30703125 0.2703125 0.05234375
2 0.79375 0.2984375 0.2734375 0.04375
2 0.14140625 0.52734375 0.2578125 0.0421875
2 0.4734375 0.5203125 0.29609375 0.040625
2 0.81015625 0.51875 0.28828125 0.04296875
2 0.140625 0.73828125 0.27578125 0.03203125
2 0.4421875 0.7328125 0.26015625 0.04140625
2 0.784375 0.7296875 0.34765625 0.03984375
5 0.27109375 0.13671875 0.03203125 0.02578125
5 0.58125 0.12421875 0.01953125 0.028125
5 0.928125 0.1203125 0.021875 0.03125
5 0.25625 0.31484375 0.03203125 0.021875
5 0.59765625 0.303125 0.028125 0.028125
5 0.90390625 0.2984375 0.0359375 0.02734375
5 0.2546875 0.52578125 0.04609375 0.0234375
5 0.57421875 0.51953125 0.0390625 0.040625
5 0.9328125 0.51484375 0.0265625 0.01875
5 0.25 0.734375 0.03203125 0.028125
5 0.54296875 0.73203125 0.03203125 0.028125
5 0.93984375 0.72578125 0.03515625 0.02734375