3 0.278125 0.228125 0.0609375 0.13515625
3 0.52421875 0.246875 0.04921875 0.13515625
3 0.7625 0.2328125 0.06328125 0.1203125
3 0.28203125 0.43203125 0.08046875 0.1234375
3 0.5203125 0.42734375 0.04609375 0.1078125
3 0.75078125 0.4328125 0.06328125 0.125
3 0.2828125 0.65625 0.05546875 0.13828125
3 0.5203125 0.6390625 0.053125 0.11796875
3 0.76015625 0.64296875 0.05546875 0.11953125
3 0.27421875 0.85078125 0.05 0.13046875
3 0.52265625 0.84765625 0.08046875 0.1203125
3 0.765625 0.84140625 0.04921875 0.11171875
5 0.28203125 0.1859375 0.04140625 0.03125
5 0.51640625 0.1890625 0.03984375 0.03671875
5 0.75625 0.19140625 0.04765625 0.0265625
5 0.28125 0.3875 0.05703125 0.03125
5 0.51640625 0.38984375 0.02734375 0.025
5 0.75078125 0.39140625 0.0546875 0.03671875
5 0.28203125 0.590625 0.06171875 0.03046875
5 0.5203125 0.58828125 0.04296875 0.02578125
5 0.7578125 0.5921875 0.04453125 0.03125
5 0.275 0.803125 0.05703125 0.03203125
5 0.51484375 0.8015625 0.0546875 0.03046875
5 0.7578125 0.79921875 0.0359375 0.0265625