2 0.271875 0.39921875 0.253125 0.0765625
2 0.56640625 0.403125 0.1765625 0.04453125
2 0.81953125 0.3984375 0.203125 0.046875
2 0.25390625 0.54375 0.22578125 0.04375
2 0.56171875 0.54375 0.21484375 0.05078125
2 0.81953125 0.53671875 0.20078125 0.04453125
2 0.2453125 0.7234375 0.2390625 0.05
2 0.575 0.73046875 0.20625 0.053125
2 0.85078125 0.7328125 0.1703125 0.0375
2 0.25625 0.890625 0.2640625 0.06875
2 0.57734375 0.8796875 0.2265625 0.071875
2 0.86875 0.88125 0.1796875 0.06796875
5 0.353125 0.40078125 0.04609375 0.0359375
5 0.61875 0.40078125 0.03359375 0.03515625
5 0.88671875 0.39765625 0.0515625 0.040625
5 0.340625 0.54375 0.040625 0.034375
5 0.6484375 0.55 0.05 0.03046875
5 0.89140625 0.540625 0.04765625 0.03828125
5 0.33203125 0.725 0.04296875 0.040625
5 0.64765625 0.734375 0.0390625 0.03515625
5 0.91484375 0.73359375 0.040625 0.04375
5 0.34609375 0.89453125 0.0546875 0.046875
5 0.65078125 0.8921875 0.05 0.06484375
5 0.93515625 0.8875 0.0375 0.046875