2 0.13984375 0.059375 0.23671875 0.03828125
2 0.46796875 0.0484375 0.23515625 0.046875
2 0.76015625 0.0546875 0.2046875 0.040625
2 0.1375 0.21015625 0.21015625 0.05390625
2 0.4578125 0.2140625 0.24375 0.03828125
2 0.8 0.221875 0.2140625 0.04609375
2 0.1453125 0.3546875 0.253125 0.03359375
2 0.45390625 0.3640625 0.22421875 0.04375
2 0.78671875 0.36640625 0.2171875 0.04609375
2 0.13828125 0.50859375 0.25625 0.040625
2 0.428125 0.509375 0.22109375 0.04609375
2 0.74140625 0.5109375 0.18671875 0.053125
5 0.22421875 0.0625 0.034375 0.02421875
5 0.53828125 0.05625 0.0265625 0.02421875
5 0.82421875 0.053125 0.02890625 0.02421875
5 0.21171875 0.21015625 0.0265625 0.01875
5 0.5578125 0.21328125 0.0296875 0.01796875
5 0.87109375 0.22109375 0.0390625 0.02578125
5 0.21875 0.35390625 0.028125 0.02265625
5 0.53671875 0.35703125 0.025 0.021875
5 0.84453125 0.3703125 0.01640625 0.02734375
5 0.2 0.5046875 0.0296875 0.02265625
5 0.51484375 0.50390625 0.04609375 0.028125
5 0.81328125 0.515625 0.0390625 0.03203125