8 0.178125 0.17890625 0.25625 0.10234375
8 0.47109375 0.18125 0.26953125 0.08203125
8 0.75234375 0.1875 0.2609375 0.08359375
8 0.1734375 0.3390625 0.26953125 0.08203125
8 0.46640625 0.3453125 0.2609375 0.09140625
8 0.7546875 0.3453125 0.24375 0.1109375
8 0.171875 0.5015625 0.290625 0.09921875
8 0.46796875 0.49609375 0.2375 0.09609375
8 0.759375 0.50234375 0.26953125 0.09765625
8 0.20703125 0.665625 0.27109375 0.1234375
8 0.50078125 0.66875 0.26953125 0.10703125
8 0.8015625 0.665625 0.2734375 0.08828125