2 0.1640625 0.11015625 0.29375 0.0375
2 0.5078125 0.10390625 0.30234375 0.03125
2 0.8390625 0.10078125 0.2921875 0.03046875
2 0.1515625 0.2984375 0.28828125 0.028125
2 0.48671875 0.290625 0.29375 0.03046875
2 0.82734375 0.290625 0.334375 0.02734375
2 0.4640625 0.496875 0.3203125 0.040625
2 0.82578125 0.49296875 0.33984375 0.0359375
2 0.44375 0.6765625 0.33046875 0.03671875
2 0.79140625 0.6703125 0.34296875 0.04609375
5 0.28125 0.1046875 0.03203125 0.03125
5 0.63203125 0.103125 0.03203125 0.028125
5 0.96171875 0.0984375 0.040625 0.025
5 0.26328125 0.296875 0.025 0.03046875
5 0.615625 0.2875 0.03359375 0.03046875
5 0.9671875 0.28984375 0.03046875 0.03046875
5 0.24765625 0.50078125 0.0375 0.0265625
5 0.6046875 0.496875 0.04140625 0.03671875
5 0.971875 0.48671875 0.0234375 0.025
5 0.23828125 0.67890625 0.0390625 0.034375
5 0.5671875 0.67734375 0.0390625 0.03125
5 0.94296875 0.67578125 0.0359375 0.0265625