2 0.17734375 0.13125 0.21171875 0.03671875
2 0.4578125 0.1265625 0.221875 0.04765625
2 0.7546875 0.125 0.21328125 0.03828125
2 0.17109375 0.3515625 0.215625 0.04375
2 0.44296875 0.34375 0.21953125 0.04765625
2 0.725 0.33125 0.19375 0.046875
2 0.1734375 0.5546875 0.23828125 0.04375
2 0.46953125 0.5453125 0.23671875 0.03828125
2 0.7296875 0.5390625 0.21484375 0.03671875
2 0.146875 0.7390625 0.240625 0.04765625
2 0.46953125 0.7328125 0.23671875 0.03984375
2 0.73828125 0.73046875 0.21171875 0.0484375
5 0.25390625 0.12890625 0.04140625 0.040625
5 0.540625 0.12890625 0.0359375 0.0296875
5 0.83671875 0.12890625 0.0515625 0.03671875
5 0.2453125 0.35390625 0.03046875 0.03125
5 0.528125 0.340625 0.02265625 0.02421875
5 0.80234375 0.32890625 0.0390625 0.04140625
5 0.246875 0.55078125 0.0609375 0.03046875
5 0.55 0.54375 0.0515625 0.034375
5 0.79375 0.53515625 0.053125 0.03515625
5 0.22265625 0.73046875 0.04609375 0.03984375
5 0.55859375 0.72890625 0.04453125 0.03515625
5 0.79765625 0.7203125 0.0625 0.025