2 0.17734375 0.11328125 0.203125 0.04609375
2 0.46484375 0.1171875 0.24609375 0.05625
2 0.69765625 0.109375 0.19453125 0.05390625
2 0.8953125 0.103125 0.165625 0.04375
2 0.1515625 0.303125 0.16328125 0.04453125
2 0.40703125 0.3015625 0.22578125 0.05625
2 0.66875 0.3 0.2421875 0.05546875
2 0.89296875 0.29453125 0.17265625 0.05234375
2 0.153125 0.45 0.18359375 0.05703125
2 0.40625 0.45703125 0.2578125 0.05390625
2 0.6625 0.453125 0.215625 0.04765625
2 0.8828125 0.45234375 0.2046875 0.0453125
2 0.15859375 0.6546875 0.19609375 0.046875
2 0.40546875 0.62734375 0.23671875 0.046875
2 0.6625 0.62421875 0.24921875 0.0484375
2 0.88828125 0.63125 0.1796875 0.04921875
5 0.2375 0.11328125 0.0515625 0.0375
5 0.56171875 0.11875 0.04765625 0.03828125
5 0.77109375 0.1078125 0.05703125 0.04140625
5 0.94921875 0.10703125 0.0546875 0.04375
5 0.20859375 0.30078125 0.05390625 0.03125
5 0.49296875 0.30390625 0.04375 0.03984375
5 0.753125 0.30390625 0.0765625 0.04140625
5 0.946875 0.2984375 0.0484375 0.03984375
5 0.20546875 0.43984375 0.05703125 0.03203125
5 0.490625 0.45703125 0.05859375 0.04375
5 0.7375 0.453125 0.0546875 0.03671875
5 0.93515625 0.45390625 0.04609375 0.03125
5 0.21328125 0.65703125 0.0609375 0.04296875
5 0.4734375 0.62421875 0.05703125 0.03515625
5 0.746875 0.625 0.05859375 0.04140625
5 0.94921875 0.63203125 0.07109375 0.040625