8 0.15234375 0.07578125 0.2390625 0.1109375
8 0.38828125 0.08046875 0.22421875 0.10390625
8 0.64921875 0.08359375 0.21171875 0.1140625
8 0.86171875 0.08828125 0.20078125 0.09765625
8 0.14921875 0.2140625 0.25 0.10078125
8 0.38828125 0.2140625 0.21171875 0.109375
8 0.61640625 0.22109375 0.20546875 0.10859375
8 0.84921875 0.2203125 0.21796875 0.1140625
8 0.1484375 0.3828125 0.24375 0.11171875
8 0.39609375 0.390625 0.221875 0.1125
8 0.61953125 0.38671875 0.21953125 0.1234375
8 0.84765625 0.39140625 0.203125 0.1203125
8 0.14453125 0.56171875 0.25859375 0.1421875
8 0.39296875 0.5609375 0.22421875 0.140625
8 0.62265625 0.5625 0.21328125 0.14453125
8 0.85625 0.559375 0.22890625 0.1234375