2 0.18984375 0.2046875 0.23125 0.05
2 0.47421875 0.20703125 0.23828125 0.05
2 0.75078125 0.20390625 0.25078125 0.03671875
2 0.1921875 0.3671875 0.20625 0.0375
2 0.453125 0.36796875 0.22265625 0.040625
2 0.75078125 0.36640625 0.19453125 0.04140625
2 0.18671875 0.52421875 0.19765625 0.0359375
2 0.46640625 0.52578125 0.25234375 0.04375
2 0.76015625 0.5265625 0.2296875 0.046875
2 0.2140625 0.7203125 0.23828125 0.04375
2 0.48984375 0.725 0.24609375 0.04140625
2 0.76953125 0.7234375 0.2328125 0.03203125
5 0.2609375 0.20390625 0.03046875 0.02265625
5 0.5671875 0.1984375 0.0359375 0.02890625
5 0.84609375 0.19765625 0.04296875 0.03359375
5 0.2640625 0.36328125 0.040625 0.025
5 0.54765625 0.36484375 0.01953125 0.021875
5 0.83046875 0.365625 0.03046875 0.02265625
5 0.2640625 0.52421875 0.03359375 0.02734375
5 0.56328125 0.51875 0.0375 0.01953125
5 0.8578125 0.521875 0.0515625 0.03828125
5 0.30859375 0.71875 0.0375 0.03203125
5 0.59375 0.72578125 0.0390625 0.03515625
5 0.8625 0.71875 0.0359375 0.02890625