8 0.18125 0.053125 0.25 0.078125
8 0.4671875 0.06796875 0.2328125 0.10078125
8 0.7515625 0.08046875 0.21171875 0.06875
8 0.14921875 0.18515625 0.25859375 0.10078125
8 0.4515625 0.184375 0.26953125 0.10234375
8 0.759375 0.18125 0.26484375 0.1109375
8 0.1640625 0.3546875 0.29296875 0.1359375
8 0.47890625 0.33671875 0.29453125 0.1328125
8 0.81171875 0.33046875 0.27109375 0.1265625
8 0.16953125 0.51484375 0.3203125 0.1328125
8 0.521875 0.48671875 0.29921875 0.16015625
8 0.8265625 0.48046875 0.27578125 0.15078125