8 0.184375 0.12890625 0.29921875 0.1234375
8 0.47421875 0.12734375 0.2671875 0.1203125
8 0.80078125 0.125 0.2796875 0.128125
8 0.16328125 0.3 0.26953125 0.1265625
8 0.43828125 0.29765625 0.278125 0.11875
8 0.76484375 0.28515625 0.2796875 0.128125
8 0.16171875 0.48515625 0.28828125 0.14140625
8 0.4625 0.484375 0.2609375 0.1421875
8 0.7921875 0.475 0.296875 0.1421875
8 0.16640625 0.69296875 0.32265625 0.16796875
8 0.48984375 0.69140625 0.31640625 0.15546875
8 0.8453125 0.6609375 0.296875 0.14921875