2 0.1625 0.13046875 0.2078125 0.04296875
2 0.4203125 0.128125 0.1875 0.034375
2 0.65078125 0.121875 0.15859375 0.028125
2 0.18046875 0.26640625 0.23515625 0.04375
2 0.4546875 0.259375 0.17421875 0.04921875
2 0.6796875 0.259375 0.18671875 0.03671875
2 0.15546875 0.39921875 0.19375 0.040625
2 0.421875 0.3953125 0.18359375 0.028125
2 0.7140625 0.396875 0.21328125 0.0375
2 0.1578125 0.50078125 0.18046875 0.0375
2 0.42265625 0.50234375 0.228125 0.0421875
2 0.72421875 0.50546875 0.20390625 0.04296875
5 0.2421875 0.125 0.0375 0.03359375
5 0.4875 0.1234375 0.028125 0.02109375
5 0.71796875 0.11875 0.021875 0.01875
5 0.24453125 0.26640625 0.0265625 0.0203125
5 0.51171875 0.26015625 0.0359375 0.03671875
5 0.728125 0.253125 0.0296875 0.03203125
5 0.23125 0.396875 0.03203125 0.03203125
5 0.49765625 0.39453125 0.03671875 0.03359375
5 0.77890625 0.390625 0.03046875 0.02578125
5 0.21875 0.50078125 0.0359375 0.03203125
5 0.5015625 0.50234375 0.03359375 0.028125
5 0.78671875 0.49921875 0.04765625 0.03515625