8 0.2484375 0.103125 0.2734375 0.1203125
8 0.55703125 0.10234375 0.27578125 0.134375
8 0.8375 0.103125 0.2375 0.1203125
8 0.20703125 0.2671875 0.25390625 0.15390625
8 0.5265625 0.26796875 0.28671875 0.1296875
8 0.83046875 0.2625 0.25859375 0.140625
8 0.1921875 0.49140625 0.284375 0.14453125
8 0.51484375 0.46796875 0.284375 0.1375
8 0.84609375 0.45703125 0.27578125 0.1265625
8 0.16875 0.7328125 0.2796875 0.1359375
8 0.4859375 0.72421875 0.2734375 0.121875
8 0.8390625 0.69609375 0.30546875 0.15546875