3 0.15859375 0.15703125 0.02890625 0.1015625
3 0.4984375 0.14453125 0.04375 0.0859375
3 0.7640625 0.13671875 0.04765625 0.0875
3 0.1421875 0.3328125 0.0421875 0.09453125
3 0.5140625 0.31875 0.06328125 0.109375
3 0.78046875 0.3171875 0.0609375 0.1296875
3 0.13984375 0.525 0.09140625 0.125
3 0.5046875 0.5109375 0.04375 0.11171875
3 0.77109375 0.5203125 0.07265625 0.11953125
3 0.12578125 0.7703125 0.05546875 0.125
3 0.5046875 0.73671875 0.05546875 0.13515625
3 0.8015625 0.73984375 0.06171875 0.1296875
5 0.14921875 0.11796875 0.02890625 0.0171875
5 0.50078125 0.1140625 0.03046875 0.0265625
5 0.765625 0.11171875 0.0515625 0.0359375
5 0.1421875 0.2984375 0.0484375 0.03125
5 0.50546875 0.27578125 0.04140625 0.03203125
5 0.77265625 0.27421875 0.034375 0.03984375
5 0.12421875 0.48828125 0.0328125 0.028125
5 0.50234375 0.47578125 0.0390625 0.03203125
5 0.7734375 0.47734375 0.05 0.04609375
5 0.11796875 0.71328125 0.04453125 0.03125
5 0.5 0.6875 0.0546875 0.04765625
5 0.784375 0.69140625 0.05703125 0.0484375